chr6	149736546	316838	0
chrUn_GL456382	23158	48	0
chr19	61431566	206806	0
chrY	91744698	8178	0
chrY_JH584300_random	182347	0	0
chr1_GL456211_random	241735	450	0
chr5	151834684	372514	0
chrUn_GL456378	31602	30	0
chrUn_GL456390	24668	58	0
chr4_JH584293_random	207968	180	0
chr4_GL456216_random	66673	418	0
chr4_JH584292_random	14945	0	0
chr16	98207768	123616	0
chrY_JH584303_random	158099	0	0
chr1_GL456221_random	206961	376	0
chrUn_GL456385	35240	6	0
chrUn_GL456360	31704	4	0
chrUn_GL456393	55711	16	0
chrUn_GL456383	38659	240	0
chr4_GL456350_random	227966	214	0
chr5_JH584296_random	199368	320	0
chr18	90702639	136618	0
chr5_JH584298_random	184189	364	0
chrUn_GL456379	72385	30	0
chr14	124902244	196826	0
chrX	171031299	193100	0
chr3	160039680	236776	0
chrUn_GL456389	28772	52	0
chrUn_GL456239	40056	24	0
chrY_JH584302_random	155838	2	0
chr5_JH584297_random	205776	370	0
chr11	122082543	474240	0
chr9	124595110	311084	0
chrUn_GL456396	21240	48	0
chr4	156508116	388338	0
chrX_GL456233_random	336933	310	0
chrY_JH584301_random	259875	0	0
chr8	129401213	282606	0
chrUn_GL456381	25871	0	0
chr7_GL456219_random	175968	82	0
chrUn_GL456366	47073	6	0
chr1_GL456210_random	169725	220	0
chrUn_GL456370	26764	74	0
chrUn_GL456359	22974	4	0
chr1	195471971	915780	0
chrUn_GL456394	24323	0	0
chrUn_GL456387	24685	0	0
chr15	104043685	248034	0
chr7	145441459	508174	0
chrUn_JH584304	114452	6512	0
chr13	120421639	166858	0
chr2	182113224	417888	0
chrUn_GL456372	28664	48	0
chr5_GL456354_random	195993	200	0
chr1_GL456213_random	39340	4	0
chr4_JH584294_random	191905	72	0
chr4_JH584295_random	1976	316	0
chr12	120129022	283036	0
chrM	16299	1249260	0
chrUn_GL456368	20208	2	0
chr1_GL456212_random	153618	288	0
chrUn_GL456392	23629	130	0
chr5_JH584299_random	953012	1180	0
chr17	94987271	340744	0
chrUn_GL456367	42057	364	0
chr10	130694993	299314	0
*	0	0	0
