chr6	149736546	2694298	0
chrUn_GL456382	23158	250	0
chr19	61431566	1538054	0
chrY	91744698	50404	0
chrY_JH584300_random	182347	0	0
chr1_GL456211_random	241735	1916	0
chr5	151834684	3004114	0
chrUn_GL456378	31602	144	0
chrUn_GL456390	24668	260	0
chr4_JH584293_random	207968	966	0
chr4_GL456216_random	66673	2322	0
chr4_JH584292_random	14945	12	0
chr16	98207768	977170	0
chrY_JH584303_random	158099	2	0
chr1_GL456221_random	206961	1212	0
chrUn_GL456385	35240	30	0
chrUn_GL456360	31704	64	0
chrUn_GL456393	55711	116	0
chrUn_GL456383	38659	662	0
chr4_GL456350_random	227966	1118	0
chr5_JH584296_random	199368	2906	0
chr18	90702639	1036016	0
chr5_JH584298_random	184189	1526	0
chrUn_GL456379	72385	258	0
chr14	124902244	2155282	0
chrX	171031299	1287552	0
chr3	160039680	1833418	0
chrUn_GL456389	28772	174	0
chrUn_GL456239	40056	82	0
chrY_JH584302_random	155838	0	0
chr5_JH584297_random	205776	2734	0
chr11	122082543	3359034	0
chr9	124595110	2496452	0
chrUn_GL456396	21240	164	0
chr4	156508116	2531982	0
chrX_GL456233_random	336933	1540	0
chrY_JH584301_random	259875	2	0
chr8	129401213	2106544	0
chrUn_GL456381	25871	0	0
chr7_GL456219_random	175968	292	0
chrUn_GL456366	47073	40	0
chr1_GL456210_random	169725	828	0
chrUn_GL456370	26764	1064	0
chrUn_GL456359	22974	60	0
chr1	195471971	4268800	0
chrUn_GL456394	24323	12	0
chrUn_GL456387	24685	0	0
chr15	104043685	2064358	0
chr7	145441459	3344400	0
chrUn_JH584304	114452	31310	0
chr13	120421639	1271116	0
chr2	182113224	2977648	0
chrUn_GL456372	28664	184	0
chr5_GL456354_random	195993	1032	0
chr1_GL456213_random	39340	64	0
chr4_JH584294_random	191905	560	0
chr4_JH584295_random	1976	2386	0
chr12	120129022	1503946	0
chrM	16299	3914938	0
chrUn_GL456368	20208	36	0
chr1_GL456212_random	153618	1000	0
chrUn_GL456392	23629	524	0
chr5_JH584299_random	953012	5998	0
chr17	94987271	3403080	0
chrUn_GL456367	42057	1014	0
chr10	130694993	2217840	0
*	0	0	0
