## htsjdk.samtools.metrics.StringHeader
# MarkDuplicates --INPUT data/mapped_data/4202L_trimmed_Aligned.sortedByCoord.out.bam --OUTPUT data/mapped_data/4202L_trimmed_Aligned.sortedByCoord.dupMarker.out.bam --METRICS_FILE qc_reports/mapping_reads/4202L_trimmed_marked_dup_metrics.txt --MAX_SEQUENCES_FOR_DISK_READ_ENDS_MAP 50000 --MAX_FILE_HANDLES_FOR_READ_ENDS_MAP 8000 --SORTING_COLLECTION_SIZE_RATIO 0.25 --TAG_DUPLICATE_SET_MEMBERS false --REMOVE_SEQUENCING_DUPLICATES false --TAGGING_POLICY DontTag --CLEAR_DT true --DUPLEX_UMI false --ADD_PG_TAG_TO_READS true --REMOVE_DUPLICATES false --ASSUME_SORTED false --DUPLICATE_SCORING_STRATEGY SUM_OF_BASE_QUALITIES --PROGRAM_RECORD_ID MarkDuplicates --PROGRAM_GROUP_NAME MarkDuplicates --READ_NAME_REGEX <optimized capture of last three ':' separated fields as numeric values> --OPTICAL_DUPLICATE_PIXEL_DISTANCE 100 --MAX_OPTICAL_DUPLICATE_SET_SIZE 300000 --VERBOSITY INFO --QUIET false --VALIDATION_STRINGENCY STRICT --COMPRESSION_LEVEL 5 --MAX_RECORDS_IN_RAM 500000 --CREATE_INDEX false --CREATE_MD5_FILE false --GA4GH_CLIENT_SECRETS client_secrets.json --help false --version false --showHidden false --USE_JDK_DEFLATER false --USE_JDK_INFLATER false
## htsjdk.samtools.metrics.StringHeader
# Started on: Mon Mar 29 03:15:43 PDT 2021

## METRICS CLASS	picard.sam.DuplicationMetrics
LIBRARY	UNPAIRED_READS_EXAMINED	READ_PAIRS_EXAMINED	SECONDARY_OR_SUPPLEMENTARY_RDS	UNMAPPED_READS	UNPAIRED_READ_DUPLICATES	READ_PAIR_DUPLICATES	READ_PAIR_OPTICAL_DUPLICATES	PERCENT_DUPLICATION	ESTIMATED_LIBRARY_SIZE
Unknown Library	0	16112862	4039928	0	0	5946958	0	0.369081	16039799

## HISTOGRAM	java.lang.Double
BIN	CoverageMult	all_sets	non_optical_sets
1.0	1	7146913	7146913
2.0	1.366208	2049063	2049063
3.0	1.500315	567178	567178
4.0	1.549427	176961	176961
5.0	1.567412	71812	71812
6.0	1.573998	37607	37607
7.0	1.57641	23611	23611
8.0	1.577293	16164	16164
9.0	1.577617	11853	11853
10.0	1.577735	8950	8950
11.0	1.577778	7219	7219
12.0	1.577794	5788	5788
13.0	1.5778	4720	4720
14.0	1.577802	3869	3869
15.0	1.577803	3236	3236
16.0	1.577803	2840	2840
17.0	1.577803	2502	2502
18.0	1.577803	2056	2056
19.0	1.577804	1890	1890
20.0	1.577804	1700	1700
21.0	1.577804	1485	1485
22.0	1.577804	1277	1277
23.0	1.577804	1196	1196
24.0	1.577804	1008	1008
25.0	1.577804	932	932
26.0	1.577804	831	831
27.0	1.577804	775	775
28.0	1.577804	713	713
29.0	1.577804	678	678
30.0	1.577804	576	576
31.0	1.577804	542	542
32.0	1.577804	552	552
33.0	1.577804	496	496
34.0	1.577804	441	441
35.0	1.577804	390	390
36.0	1.577804	397	397
37.0	1.577804	363	363
38.0	1.577804	306	306
39.0	1.577804	290	290
40.0	1.577804	309	309
41.0	1.577804	267	267
42.0	1.577804	240	240
43.0	1.577804	247	247
44.0	1.577804	224	224
45.0	1.577804	209	209
46.0	1.577804	180	180
47.0	1.577804	191	191
48.0	1.577804	185	185
49.0	1.577804	162	162
50.0	1.577804	163	163
51.0	1.577804	155	155
52.0	1.577804	175	175
53.0	1.577804	120	120
54.0	1.577804	112	112
55.0	1.577804	141	141
56.0	1.577804	120	120
57.0	1.577804	112	112
58.0	1.577804	122	122
59.0	1.577804	108	108
60.0	1.577804	92	92
61.0	1.577804	90	90
62.0	1.577804	88	88
63.0	1.577804	71	71
64.0	1.577804	87	87
65.0	1.577804	86	86
66.0	1.577804	79	79
67.0	1.577804	65	65
68.0	1.577804	82	82
69.0	1.577804	73	73
70.0	1.577804	59	59
71.0	1.577804	78	78
72.0	1.577804	58	58
73.0	1.577804	52	52
74.0	1.577804	49	49
75.0	1.577804	58	58
76.0	1.577804	53	53
77.0	1.577804	62	62
78.0	1.577804	51	51
79.0	1.577804	38	38
80.0	1.577804	44	44
81.0	1.577804	42	42
82.0	1.577804	34	34
83.0	1.577804	41	41
84.0	1.577804	41	41
85.0	1.577804	46	46
86.0	1.577804	43	43
87.0	1.577804	35	35
88.0	1.577804	45	45
89.0	1.577804	34	34
90.0	1.577804	24	24
91.0	1.577804	33	33
92.0	1.577804	26	26
93.0	1.577804	23	23
94.0	1.577804	31	31
95.0	1.577804	28	28
96.0	1.577804	32	32
97.0	1.577804	33	33
98.0	1.577804	21	21
99.0	1.577804	20	20
100.0	1.577804	28	28
101.0	0	26	26
102.0	0	22	22
103.0	0	21	21
104.0	0	21	21
105.0	0	21	21
106.0	0	14	14
107.0	0	27	27
108.0	0	11	11
109.0	0	8	8
110.0	0	20	20
111.0	0	20	20
112.0	0	20	20
113.0	0	15	15
114.0	0	14	14
115.0	0	12	12
116.0	0	15	15
117.0	0	22	22
118.0	0	12	12
119.0	0	11	11
120.0	0	15	15
121.0	0	12	12
122.0	0	10	10
123.0	0	14	14
124.0	0	12	12
125.0	0	13	13
126.0	0	13	13
127.0	0	8	8
128.0	0	14	14
129.0	0	12	12
130.0	0	8	8
131.0	0	10	10
132.0	0	11	11
133.0	0	16	16
134.0	0	11	11
135.0	0	10	10
136.0	0	14	14
137.0	0	10	10
138.0	0	10	10
139.0	0	10	10
140.0	0	14	14
141.0	0	13	13
142.0	0	10	10
143.0	0	12	12
144.0	0	4	4
145.0	0	9	9
146.0	0	6	6
147.0	0	8	8
148.0	0	9	9
149.0	0	6	6
150.0	0	6	6
151.0	0	11	11
152.0	0	8	8
153.0	0	9	9
154.0	0	7	7
155.0	0	8	8
156.0	0	5	5
157.0	0	4	4
158.0	0	11	11
159.0	0	5	5
160.0	0	6	6
161.0	0	8	8
162.0	0	9	9
163.0	0	8	8
164.0	0	3	3
165.0	0	5	5
166.0	0	4	4
167.0	0	3	3
168.0	0	1	1
169.0	0	8	8
170.0	0	6	6
171.0	0	1	1
172.0	0	5	5
173.0	0	2	2
174.0	0	6	6
175.0	0	6	6
176.0	0	6	6
177.0	0	1	1
179.0	0	1	1
180.0	0	7	7
181.0	0	4	4
182.0	0	2	2
183.0	0	3	3
184.0	0	4	4
185.0	0	4	4
186.0	0	5	5
187.0	0	2	2
188.0	0	2	2
189.0	0	6	6
190.0	0	3	3
191.0	0	2	2
192.0	0	8	8
193.0	0	6	6
194.0	0	2	2
195.0	0	1	1
196.0	0	3	3
197.0	0	7	7
198.0	0	4	4
199.0	0	2	2
200.0	0	1	1
201.0	0	3	3
202.0	0	1	1
203.0	0	2	2
204.0	0	4	4
205.0	0	4	4
206.0	0	5	5
207.0	0	3	3
209.0	0	2	2
210.0	0	1	1
211.0	0	2	2
212.0	0	2	2
213.0	0	5	5
214.0	0	3	3
215.0	0	1	1
216.0	0	1	1
217.0	0	1	1
218.0	0	2	2
219.0	0	3	3
220.0	0	2	2
222.0	0	3	3
223.0	0	3	3
226.0	0	2	2
227.0	0	1	1
228.0	0	1	1
229.0	0	3	3
230.0	0	4	4
231.0	0	1	1
232.0	0	4	4
233.0	0	2	2
235.0	0	1	1
236.0	0	3	3
237.0	0	2	2
239.0	0	1	1
241.0	0	2	2
242.0	0	2	2
243.0	0	1	1
244.0	0	2	2
245.0	0	1	1
247.0	0	3	3
248.0	0	2	2
249.0	0	1	1
250.0	0	1	1
252.0	0	1	1
254.0	0	2	2
255.0	0	1	1
258.0	0	1	1
260.0	0	1	1
261.0	0	1	1
263.0	0	3	3
266.0	0	1	1
269.0	0	1	1
270.0	0	2	2
271.0	0	1	1
272.0	0	3	3
274.0	0	1	1
278.0	0	1	1
279.0	0	1	1
280.0	0	2	2
282.0	0	1	1
283.0	0	1	1
284.0	0	1	1
285.0	0	1	1
286.0	0	1	1
288.0	0	1	1
289.0	0	4	4
290.0	0	1	1
293.0	0	2	2
295.0	0	2	2
296.0	0	1	1
297.0	0	1	1
299.0	0	1	1
301.0	0	1	1
302.0	0	1	1
303.0	0	2	2
306.0	0	2	2
307.0	0	3	3
308.0	0	1	1
310.0	0	1	1
311.0	0	1	1
314.0	0	1	1
315.0	0	3	3
319.0	0	1	1
320.0	0	1	1
323.0	0	1	1
324.0	0	1	1
328.0	0	1	1
330.0	0	1	1
332.0	0	1	1
340.0	0	1	1
347.0	0	1	1
349.0	0	1	1
352.0	0	1	1
360.0	0	1	1
361.0	0	1	1
365.0	0	1	1
373.0	0	1	1
384.0	0	1	1
393.0	0	1	1
396.0	0	1	1
402.0	0	1	1
403.0	0	1	1
404.0	0	1	1
410.0	0	1	1
413.0	0	1	1
415.0	0	2	2
417.0	0	1	1
421.0	0	1	1
427.0	0	2	2
433.0	0	1	1
440.0	0	1	1
442.0	0	1	1
451.0	0	1	1
452.0	0	1	1
468.0	0	1	1
475.0	0	1	1
476.0	0	1	1
479.0	0	2	2
481.0	0	1	1
485.0	0	2	2
486.0	0	1	1
494.0	0	1	1
507.0	0	1	1
519.0	0	1	1
527.0	0	1	1
529.0	0	1	1
542.0	0	1	1
558.0	0	1	1
569.0	0	1	1
573.0	0	1	1
611.0	0	1	1
614.0	0	1	1
636.0	0	1	1
659.0	0	1	1
721.0	0	1	1
838.0	0	1	1
908.0	0	1	1
1177.0	0	1	1

