chr6	149736546	953170	0
chrUn_GL456382	23158	84	0
chr19	61431566	621884	0
chrY	91744698	19222	0
chrY_JH584300_random	182347	0	0
chr1_GL456211_random	241735	1218	0
chr5	151834684	1106810	0
chrUn_GL456378	31602	120	0
chrUn_GL456390	24668	278	0
chr4_JH584293_random	207968	500	0
chr4_GL456216_random	66673	1272	0
chr4_JH584292_random	14945	6	0
chr16	98207768	402768	0
chrY_JH584303_random	158099	2	0
chr1_GL456221_random	206961	1012	0
chrUn_GL456385	35240	26	0
chrUn_GL456360	31704	48	0
chrUn_GL456393	55711	102	0
chrUn_GL456383	38659	740	0
chr4_GL456350_random	227966	552	0
chr5_JH584296_random	199368	1446	0
chr18	90702639	440626	0
chr5_JH584298_random	184189	1370	0
chrUn_GL456379	72385	76	0
chr14	124902244	647704	0
chrX	171031299	667424	0
chr3	160039680	752460	0
chrUn_GL456389	28772	258	0
chrUn_GL456239	40056	130	0
chrY_JH584302_random	155838	0	0
chr5_JH584297_random	205776	1384	0
chr11	122082543	1379316	0
chr9	124595110	976786	0
chrUn_GL456396	21240	252	0
chr4	156508116	1198120	0
chrX_GL456233_random	336933	1060	0
chrY_JH584301_random	259875	0	0
chr8	129401213	865808	0
chrUn_GL456381	25871	0	0
chr7_GL456219_random	175968	270	0
chrUn_GL456366	47073	58	0
chr1_GL456210_random	169725	620	0
chrUn_GL456370	26764	854	0
chrUn_GL456359	22974	40	0
chr1	195471971	3732162	0
chrUn_GL456394	24323	2	0
chrUn_GL456387	24685	0	0
chr15	104043685	728550	0
chr7	145441459	1515150	0
chrUn_JH584304	114452	32578	0
chr13	120421639	515684	0
chr2	182113224	1312274	0
chrUn_GL456372	28664	124	0
chr5_GL456354_random	195993	1034	0
chr1_GL456213_random	39340	58	0
chr4_JH584294_random	191905	304	0
chr4_JH584295_random	1976	642	0
chr12	120129022	907622	0
chrM	16299	5218166	0
chrUn_GL456368	20208	14	0
chr1_GL456212_random	153618	650	0
chrUn_GL456392	23629	728	0
chr5_JH584299_random	953012	4928	0
chr17	94987271	953588	0
chrUn_GL456367	42057	1120	0
chr10	130694993	945646	0
*	0	0	0
