chr6	149736546	2059958	0
chrUn_GL456382	23158	110	0
chr19	61431566	1105482	0
chrY	91744698	27892	0
chrY_JH584300_random	182347	0	0
chr1_GL456211_random	241735	888	0
chr5	151834684	2209550	0
chrUn_GL456378	31602	94	0
chrUn_GL456390	24668	154	0
chr4_JH584293_random	207968	472	0
chr4_GL456216_random	66673	1482	0
chr4_JH584292_random	14945	6	0
chr16	98207768	702448	0
chrY_JH584303_random	158099	2	0
chr1_GL456221_random	206961	674	0
chrUn_GL456385	35240	8	0
chrUn_GL456360	31704	60	0
chrUn_GL456393	55711	60	0
chrUn_GL456383	38659	310	0
chr4_GL456350_random	227966	492	0
chr5_JH584296_random	199368	4716	0
chr18	90702639	915690	0
chr5_JH584298_random	184189	960	0
chrUn_GL456379	72385	108	0
chr14	124902244	1841222	0
chrX	171031299	765746	0
chr3	160039680	1332402	0
chrUn_GL456389	28772	90	0
chrUn_GL456239	40056	60	0
chrY_JH584302_random	155838	0	0
chr5_JH584297_random	205776	3388	0
chr11	122082543	2108508	0
chr9	124595110	1587794	0
chrUn_GL456396	21240	84	0
chr4	156508116	1701136	0
chrX_GL456233_random	336933	1134	0
chrY_JH584301_random	259875	0	0
chr8	129401213	1497330	0
chrUn_GL456381	25871	0	0
chr7_GL456219_random	175968	204	0
chrUn_GL456366	47073	26	0
chr1_GL456210_random	169725	416	0
chrUn_GL456370	26764	660	0
chrUn_GL456359	22974	44	0
chr1	195471971	3313186	0
chrUn_GL456394	24323	8	0
chrUn_GL456387	24685	0	0
chr15	104043685	1384448	0
chr7	145441459	2504660	0
chrUn_JH584304	114452	17722	0
chr13	120421639	839726	0
chr2	182113224	2196480	0
chrUn_GL456372	28664	38	0
chr5_GL456354_random	195993	610	0
chr1_GL456213_random	39340	48	0
chr4_JH584294_random	191905	326	0
chr4_JH584295_random	1976	1132	0
chr12	120129022	975190	0
chrM	16299	3619320	0
chrUn_GL456368	20208	34	0
chr1_GL456212_random	153618	494	0
chrUn_GL456392	23629	274	0
chr5_JH584299_random	953012	3694	0
chr17	94987271	2077648	0
chrUn_GL456367	42057	672	0
chr10	130694993	1458082	0
*	0	0	0
