chr6	149736546	1056826	0
chrUn_GL456382	23158	104	0
chr19	61431566	653576	0
chrY	91744698	71356	0
chrY_JH584300_random	182347	46	0
chr1_GL456211_random	241735	1408	0
chr5	151834684	1202186	0
chrUn_GL456378	31602	48	0
chrUn_GL456390	24668	64	0
chr4_JH584293_random	207968	174	0
chr4_GL456216_random	66673	992	0
chr4_JH584292_random	14945	0	0
chr16	98207768	413148	0
chrY_JH584303_random	158099	22	0
chr1_GL456221_random	206961	684	0
chrUn_GL456385	35240	24	0
chrUn_GL456360	31704	20	0
chrUn_GL456393	55711	38	0
chrUn_GL456383	38659	180	0
chr4_GL456350_random	227966	148	0
chr5_JH584296_random	199368	422	0
chr18	90702639	362642	0
chr5_JH584298_random	184189	232	0
chrUn_GL456379	72385	64	0
chr14	124902244	577354	0
chrX	171031299	506570	0
chr3	160039680	809298	0
chrUn_GL456389	28772	70	0
chrUn_GL456239	40056	6	0
chrY_JH584302_random	155838	110	0
chr5_JH584297_random	205776	380	0
chr11	122082543	1589636	0
chr9	124595110	1225002	0
chrUn_GL456396	21240	58	0
chr4	156508116	1114004	0
chrX_GL456233_random	336933	324	0
chrY_JH584301_random	259875	94	0
chr8	129401213	896110	0
chrUn_GL456381	25871	0	0
chr7_GL456219_random	175968	50	0
chrUn_GL456366	47073	8	0
chr1_GL456210_random	169725	786	0
chrUn_GL456370	26764	208	0
chrUn_GL456359	22974	4	0
chr1	195471971	2157378	0
chrUn_GL456394	24323	0	0
chrUn_GL456387	24685	0	0
chr15	104043685	830280	0
chr7	145441459	1556100	0
chrUn_JH584304	114452	11638	0
chr13	120421639	545246	0
chr2	182113224	1309272	0
chrUn_GL456372	28664	192	0
chr5_GL456354_random	195993	144	0
chr1_GL456213_random	39340	48	0
chr4_JH584294_random	191905	90	0
chr4_JH584295_random	1976	946	0
chr12	120129022	937742	0
chrM	16299	2459058	0
chrUn_GL456368	20208	4	0
chr1_GL456212_random	153618	524	0
chrUn_GL456392	23629	206	0
chr5_JH584299_random	953012	982	0
chr17	94987271	1095742	0
chrUn_GL456367	42057	176	0
chr10	130694993	1025860	0
*	0	0	0
