chr6	149736546	3155524	0
chrUn_GL456382	23158	248	0
chr19	61431566	1752590	0
chrY	91744698	140358	0
chrY_JH584300_random	182347	112	0
chr1_GL456211_random	241735	1694	0
chr5	151834684	3383874	0
chrUn_GL456378	31602	122	0
chrUn_GL456390	24668	92	0
chr4_JH584293_random	207968	456	0
chr4_GL456216_random	66673	2802	0
chr4_JH584292_random	14945	6	0
chr16	98207768	1117944	0
chrY_JH584303_random	158099	46	0
chr1_GL456221_random	206961	810	0
chrUn_GL456385	35240	18	0
chrUn_GL456360	31704	48	0
chrUn_GL456393	55711	54	0
chrUn_GL456383	38659	430	0
chr4_GL456350_random	227966	510	0
chr5_JH584296_random	199368	2470	0
chr18	90702639	1209308	0
chr5_JH584298_random	184189	748	0
chrUn_GL456379	72385	224	0
chr14	124902244	2570150	0
chrX	171031299	1261262	0
chr3	160039680	2046150	0
chrUn_GL456389	28772	116	0
chrUn_GL456239	40056	74	0
chrY_JH584302_random	155838	148	0
chr5_JH584297_random	205776	1982	0
chr11	122082543	4060944	0
chr9	124595110	2981048	0
chrUn_GL456396	21240	116	0
chr4	156508116	3007028	0
chrX_GL456233_random	336933	1182	0
chrY_JH584301_random	259875	276	0
chr8	129401213	2548056	0
chrUn_GL456381	25871	0	0
chr7_GL456219_random	175968	152	0
chrUn_GL456366	47073	16	0
chr1_GL456210_random	169725	510	0
chrUn_GL456370	26764	650	0
chrUn_GL456359	22974	14	0
chr1	195471971	4732690	0
chrUn_GL456394	24323	6	0
chrUn_GL456387	24685	0	0
chr15	104043685	2601416	0
chr7	145441459	4096836	0
chrUn_JH584304	114452	25886	0
chr13	120421639	1387650	0
chr2	182113224	3491942	0
chrUn_GL456372	28664	144	0
chr5_GL456354_random	195993	506	0
chr1_GL456213_random	39340	46	0
chr4_JH584294_random	191905	282	0
chr4_JH584295_random	1976	3742	0
chr12	120129022	1619080	0
chrM	16299	4430804	0
chrUn_GL456368	20208	14	0
chr1_GL456212_random	153618	720	0
chrUn_GL456392	23629	246	0
chr5_JH584299_random	953012	2894	0
chr17	94987271	4111806	0
chrUn_GL456367	42057	342	0
chr10	130694993	2779156	0
*	0	0	0
