## htsjdk.samtools.metrics.StringHeader
# MarkDuplicates --INPUT data/mapped_data/4220L_trimmed_Aligned.sortedByCoord.out.bam --OUTPUT data/mapped_data/4220L_trimmed_Aligned.sortedByCoord.dupMarker.out.bam --METRICS_FILE qc_reports/mapping_reads/4220L_trimmed_marked_dup_metrics.txt --MAX_SEQUENCES_FOR_DISK_READ_ENDS_MAP 50000 --MAX_FILE_HANDLES_FOR_READ_ENDS_MAP 8000 --SORTING_COLLECTION_SIZE_RATIO 0.25 --TAG_DUPLICATE_SET_MEMBERS false --REMOVE_SEQUENCING_DUPLICATES false --TAGGING_POLICY DontTag --CLEAR_DT true --DUPLEX_UMI false --ADD_PG_TAG_TO_READS true --REMOVE_DUPLICATES false --ASSUME_SORTED false --DUPLICATE_SCORING_STRATEGY SUM_OF_BASE_QUALITIES --PROGRAM_RECORD_ID MarkDuplicates --PROGRAM_GROUP_NAME MarkDuplicates --READ_NAME_REGEX <optimized capture of last three ':' separated fields as numeric values> --OPTICAL_DUPLICATE_PIXEL_DISTANCE 100 --MAX_OPTICAL_DUPLICATE_SET_SIZE 300000 --VERBOSITY INFO --QUIET false --VALIDATION_STRINGENCY STRICT --COMPRESSION_LEVEL 5 --MAX_RECORDS_IN_RAM 500000 --CREATE_INDEX false --CREATE_MD5_FILE false --GA4GH_CLIENT_SECRETS client_secrets.json --help false --version false --showHidden false --USE_JDK_DEFLATER false --USE_JDK_INFLATER false
## htsjdk.samtools.metrics.StringHeader
# Started on: Mon Mar 29 01:49:24 PDT 2021

## METRICS CLASS	picard.sam.DuplicationMetrics
LIBRARY	UNPAIRED_READS_EXAMINED	READ_PAIRS_EXAMINED	SECONDARY_OR_SUPPLEMENTARY_RDS	UNMAPPED_READS	UNPAIRED_READ_DUPLICATES	READ_PAIR_DUPLICATES	READ_PAIR_OPTICAL_DUPLICATES	PERCENT_DUPLICATION	ESTIMATED_LIBRARY_SIZE
Unknown Library	0	26149813	6236944	0	0	10926784	0	0.417853	21776682

## HISTOGRAM	java.lang.Double
BIN	CoverageMult	all_sets	non_optical_sets
1.0	1	9922536	9922536
2.0	1.300948	3330051	3330051
3.0	1.391518	1113836	1113836
4.0	1.418775	397398	397398
5.0	1.426978	163490	163490
6.0	1.429446	80464	80464
7.0	1.430189	47809	47809
8.0	1.430413	31571	31571
9.0	1.43048	22736	22736
10.0	1.4305	16932	16932
11.0	1.430507	13084	13084
12.0	1.430508	10427	10427
13.0	1.430509	8485	8485
14.0	1.430509	6784	6784
15.0	1.430509	5873	5873
16.0	1.430509	4877	4877
17.0	1.430509	4236	4236
18.0	1.430509	3528	3528
19.0	1.430509	3140	3140
20.0	1.430509	2736	2736
21.0	1.430509	2426	2426
22.0	1.430509	2128	2128
23.0	1.430509	1962	1962
24.0	1.430509	1684	1684
25.0	1.430509	1570	1570
26.0	1.430509	1338	1338
27.0	1.430509	1297	1297
28.0	1.430509	1277	1277
29.0	1.430509	1037	1037
30.0	1.430509	965	965
31.0	1.430509	912	912
32.0	1.430509	856	856
33.0	1.430509	803	803
34.0	1.430509	696	696
35.0	1.430509	637	637
36.0	1.430509	592	592
37.0	1.430509	541	541
38.0	1.430509	537	537
39.0	1.430509	493	493
40.0	1.430509	471	471
41.0	1.430509	431	431
42.0	1.430509	408	408
43.0	1.430509	388	388
44.0	1.430509	376	376
45.0	1.430509	340	340
46.0	1.430509	358	358
47.0	1.430509	317	317
48.0	1.430509	265	265
49.0	1.430509	290	290
50.0	1.430509	250	250
51.0	1.430509	254	254
52.0	1.430509	247	247
53.0	1.430509	236	236
54.0	1.430509	211	211
55.0	1.430509	215	215
56.0	1.430509	189	189
57.0	1.430509	190	190
58.0	1.430509	181	181
59.0	1.430509	167	167
60.0	1.430509	162	162
61.0	1.430509	182	182
62.0	1.430509	134	134
63.0	1.430509	159	159
64.0	1.430509	151	151
65.0	1.430509	118	118
66.0	1.430509	128	128
67.0	1.430509	124	124
68.0	1.430509	147	147
69.0	1.430509	111	111
70.0	1.430509	109	109
71.0	1.430509	104	104
72.0	1.430509	97	97
73.0	1.430509	90	90
74.0	1.430509	97	97
75.0	1.430509	82	82
76.0	1.430509	93	93
77.0	1.430509	81	81
78.0	1.430509	68	68
79.0	1.430509	77	77
80.0	1.430509	62	62
81.0	1.430509	68	68
82.0	1.430509	91	91
83.0	1.430509	75	75
84.0	1.430509	58	58
85.0	1.430509	62	62
86.0	1.430509	52	52
87.0	1.430509	58	58
88.0	1.430509	46	46
89.0	1.430509	47	47
90.0	1.430509	57	57
91.0	1.430509	46	46
92.0	1.430509	56	56
93.0	1.430509	45	45
94.0	1.430509	53	53
95.0	1.430509	49	49
96.0	1.430509	55	55
97.0	1.430509	54	54
98.0	1.430509	54	54
99.0	1.430509	39	39
100.0	1.430509	39	39
101.0	0	52	52
102.0	0	36	36
103.0	0	47	47
104.0	0	29	29
105.0	0	41	41
106.0	0	44	44
107.0	0	27	27
108.0	0	31	31
109.0	0	31	31
110.0	0	29	29
111.0	0	33	33
112.0	0	24	24
113.0	0	33	33
114.0	0	27	27
115.0	0	23	23
116.0	0	23	23
117.0	0	27	27
118.0	0	29	29
119.0	0	24	24
120.0	0	17	17
121.0	0	27	27
122.0	0	16	16
123.0	0	25	25
124.0	0	24	24
125.0	0	22	22
126.0	0	22	22
127.0	0	21	21
128.0	0	27	27
129.0	0	16	16
130.0	0	19	19
131.0	0	18	18
132.0	0	15	15
133.0	0	15	15
134.0	0	16	16
135.0	0	25	25
136.0	0	13	13
137.0	0	22	22
138.0	0	14	14
139.0	0	26	26
140.0	0	21	21
141.0	0	14	14
142.0	0	18	18
143.0	0	15	15
144.0	0	17	17
145.0	0	14	14
146.0	0	14	14
147.0	0	12	12
148.0	0	9	9
149.0	0	8	8
150.0	0	10	10
151.0	0	12	12
152.0	0	11	11
153.0	0	11	11
154.0	0	9	9
155.0	0	14	14
156.0	0	12	12
157.0	0	9	9
158.0	0	17	17
159.0	0	7	7
160.0	0	8	8
161.0	0	13	13
162.0	0	8	8
163.0	0	8	8
164.0	0	5	5
165.0	0	12	12
166.0	0	9	9
167.0	0	7	7
168.0	0	9	9
169.0	0	7	7
170.0	0	9	9
171.0	0	9	9
172.0	0	7	7
173.0	0	9	9
174.0	0	7	7
175.0	0	6	6
176.0	0	11	11
177.0	0	6	6
178.0	0	7	7
179.0	0	12	12
180.0	0	12	12
181.0	0	11	11
182.0	0	10	10
183.0	0	7	7
184.0	0	7	7
185.0	0	8	8
186.0	0	6	6
187.0	0	4	4
188.0	0	6	6
189.0	0	5	5
190.0	0	11	11
191.0	0	2	2
192.0	0	4	4
193.0	0	5	5
194.0	0	5	5
195.0	0	7	7
196.0	0	6	6
197.0	0	4	4
198.0	0	10	10
199.0	0	6	6
200.0	0	3	3
201.0	0	6	6
202.0	0	5	5
203.0	0	6	6
204.0	0	3	3
205.0	0	4	4
206.0	0	8	8
207.0	0	4	4
208.0	0	5	5
209.0	0	7	7
210.0	0	6	6
211.0	0	3	3
212.0	0	6	6
213.0	0	7	7
214.0	0	6	6
215.0	0	4	4
216.0	0	3	3
217.0	0	8	8
218.0	0	3	3
219.0	0	2	2
220.0	0	4	4
221.0	0	8	8
222.0	0	2	2
223.0	0	3	3
224.0	0	6	6
225.0	0	7	7
226.0	0	4	4
227.0	0	2	2
228.0	0	3	3
229.0	0	2	2
230.0	0	7	7
231.0	0	5	5
232.0	0	5	5
233.0	0	2	2
234.0	0	1	1
235.0	0	4	4
236.0	0	2	2
237.0	0	6	6
238.0	0	4	4
239.0	0	3	3
240.0	0	2	2
241.0	0	3	3
243.0	0	4	4
244.0	0	3	3
245.0	0	1	1
246.0	0	2	2
247.0	0	6	6
248.0	0	5	5
249.0	0	2	2
251.0	0	2	2
252.0	0	4	4
253.0	0	3	3
254.0	0	2	2
255.0	0	3	3
256.0	0	2	2
257.0	0	5	5
258.0	0	3	3
259.0	0	3	3
260.0	0	6	6
261.0	0	1	1
262.0	0	4	4
263.0	0	3	3
264.0	0	3	3
266.0	0	1	1
267.0	0	3	3
268.0	0	2	2
269.0	0	1	1
270.0	0	1	1
271.0	0	1	1
272.0	0	2	2
273.0	0	3	3
274.0	0	1	1
275.0	0	3	3
276.0	0	2	2
277.0	0	3	3
280.0	0	2	2
281.0	0	2	2
283.0	0	1	1
285.0	0	2	2
286.0	0	2	2
288.0	0	5	5
289.0	0	2	2
290.0	0	1	1
292.0	0	1	1
293.0	0	1	1
295.0	0	1	1
296.0	0	2	2
297.0	0	2	2
299.0	0	1	1
300.0	0	2	2
302.0	0	1	1
303.0	0	2	2
304.0	0	1	1
305.0	0	1	1
307.0	0	1	1
308.0	0	2	2
310.0	0	1	1
312.0	0	1	1
313.0	0	2	2
314.0	0	1	1
315.0	0	4	4
316.0	0	1	1
320.0	0	1	1
321.0	0	1	1
323.0	0	2	2
324.0	0	1	1
325.0	0	1	1
327.0	0	2	2
328.0	0	2	2
330.0	0	2	2
334.0	0	1	1
335.0	0	1	1
336.0	0	1	1
337.0	0	2	2
338.0	0	1	1
339.0	0	2	2
340.0	0	1	1
348.0	0	2	2
349.0	0	1	1
352.0	0	3	3
353.0	0	1	1
354.0	0	1	1
355.0	0	1	1
356.0	0	1	1
357.0	0	1	1
360.0	0	1	1
362.0	0	1	1
363.0	0	1	1
364.0	0	1	1
365.0	0	1	1
368.0	0	1	1
371.0	0	1	1
372.0	0	1	1
373.0	0	1	1
376.0	0	1	1
377.0	0	1	1
379.0	0	1	1
382.0	0	2	2
385.0	0	1	1
386.0	0	1	1
387.0	0	1	1
388.0	0	2	2
389.0	0	1	1
391.0	0	1	1
392.0	0	1	1
393.0	0	1	1
395.0	0	1	1
397.0	0	2	2
398.0	0	2	2
401.0	0	1	1
402.0	0	2	2
404.0	0	1	1
405.0	0	1	1
406.0	0	1	1
407.0	0	1	1
409.0	0	1	1
410.0	0	1	1
411.0	0	1	1
417.0	0	2	2
421.0	0	1	1
424.0	0	1	1
429.0	0	1	1
432.0	0	1	1
435.0	0	1	1
439.0	0	1	1
444.0	0	1	1
446.0	0	1	1
450.0	0	3	3
458.0	0	1	1
464.0	0	1	1
471.0	0	2	2
473.0	0	1	1
488.0	0	1	1
492.0	0	1	1
493.0	0	1	1
496.0	0	1	1
502.0	0	1	1
503.0	0	1	1
514.0	0	1	1
525.0	0	1	1
526.0	0	1	1
547.0	0	1	1
548.0	0	1	1
552.0	0	1	1
555.0	0	1	1
556.0	0	1	1
561.0	0	1	1
562.0	0	1	1
567.0	0	1	1
570.0	0	1	1
574.0	0	1	1
577.0	0	1	1
583.0	0	1	1
587.0	0	1	1
598.0	0	1	1
607.0	0	1	1
612.0	0	1	1
617.0	0	1	1
618.0	0	1	1
645.0	0	1	1
656.0	0	1	1
672.0	0	1	1
674.0	0	1	1
676.0	0	1	1
704.0	0	1	1
711.0	0	1	1
716.0	0	1	1
756.0	0	1	1
782.0	0	1	1
845.0	0	2	2
849.0	0	1	1
858.0	0	1	1
864.0	0	1	1
895.0	0	1	1
962.0	0	1	1
1848.0	0	1	1

