chr6	149736546	1937402	0
chrUn_GL456382	23158	282	0
chr19	61431566	1496564	0
chrY	91744698	81066	0
chrY_JH584300_random	182347	0	0
chr1_GL456211_random	241735	2278	0
chr5	151834684	2642230	0
chrUn_GL456378	31602	92	0
chrUn_GL456390	24668	150	0
chr4_JH584293_random	207968	444	0
chr4_GL456216_random	66673	2086	0
chr4_JH584292_random	14945	6	0
chr16	98207768	804040	0
chrY_JH584303_random	158099	2	0
chr1_GL456221_random	206961	1324	0
chrUn_GL456385	35240	20	0
chrUn_GL456360	31704	52	0
chrUn_GL456393	55711	78	0
chrUn_GL456383	38659	452	0
chr4_GL456350_random	227966	510	0
chr5_JH584296_random	199368	2000	0
chr18	90702639	1097796	0
chr5_JH584298_random	184189	734	0
chrUn_GL456379	72385	142	0
chr14	124902244	1515368	0
chrX	171031299	1170770	0
chr3	160039680	1590062	0
chrUn_GL456389	28772	112	0
chrUn_GL456239	40056	40	0
chrY_JH584302_random	155838	0	0
chr5_JH584297_random	205776	1630	0
chr11	122082543	3466802	0
chr9	124595110	2608944	0
chrUn_GL456396	21240	112	0
chr4	156508116	2415176	0
chrX_GL456233_random	336933	952	0
chrY_JH584301_random	259875	0	0
chr8	129401213	1800412	0
chrUn_GL456381	25871	0	0
chr7_GL456219_random	175968	138	0
chrUn_GL456366	47073	10	0
chr1_GL456210_random	169725	990	0
chrUn_GL456370	26764	536	0
chrUn_GL456359	22974	32	0
chr1	195471971	3604840	0
chrUn_GL456394	24323	2	0
chrUn_GL456387	24685	4	0
chr15	104043685	1872018	0
chr7	145441459	3272864	0
chrUn_JH584304	114452	27680	0
chr13	120421639	1157534	0
chr2	182113224	2832822	0
chrUn_GL456372	28664	226	0
chr5_GL456354_random	195993	530	0
chr1_GL456213_random	39340	52	0
chr4_JH584294_random	191905	296	0
chr4_JH584295_random	1976	3000	0
chr12	120129022	1228220	0
chrM	16299	3169566	0
chrUn_GL456368	20208	10	0
chr1_GL456212_random	153618	1070	0
chrUn_GL456392	23629	338	0
chr5_JH584299_random	953012	3160	0
chr17	94987271	3071540	0
chrUn_GL456367	42057	488	0
chr10	130694993	2433662	0
*	0	0	0
