chr6	149736546	1919584	0
chrUn_GL456382	23158	300	0
chr19	61431566	1392698	0
chrY	91744698	69056	0
chrY_JH584300_random	182347	0	0
chr1_GL456211_random	241735	1986	0
chr5	151834684	2461908	0
chrUn_GL456378	31602	98	0
chrUn_GL456390	24668	416	0
chr4_JH584293_random	207968	566	0
chr4_GL456216_random	66673	2298	0
chr4_JH584292_random	14945	6	0
chr16	98207768	843324	0
chrY_JH584303_random	158099	6	0
chr1_GL456221_random	206961	1026	0
chrUn_GL456385	35240	20	0
chrUn_GL456360	31704	82	0
chrUn_GL456393	55711	170	0
chrUn_GL456383	38659	1032	0
chr4_GL456350_random	227966	654	0
chr5_JH584296_random	199368	1602	0
chr18	90702639	820616	0
chr5_JH584298_random	184189	1358	0
chrUn_GL456379	72385	148	0
chr14	124902244	1369122	0
chrX	171031299	1322988	0
chr3	160039680	1650446	0
chrUn_GL456389	28772	272	0
chrUn_GL456239	40056	172	0
chrY_JH584302_random	155838	0	0
chr5_JH584297_random	205776	1454	0
chr11	122082543	3302490	0
chr9	124595110	2462922	0
chrUn_GL456396	21240	274	0
chr4	156508116	2501286	0
chrX_GL456233_random	336933	1368	0
chrY_JH584301_random	259875	0	0
chr8	129401213	1856788	0
chrUn_GL456381	25871	0	0
chr7_GL456219_random	175968	268	0
chrUn_GL456366	47073	44	0
chr1_GL456210_random	169725	786	0
chrUn_GL456370	26764	634	0
chrUn_GL456359	22974	36	0
chr1	195471971	5797808	0
chrUn_GL456394	24323	0	0
chrUn_GL456387	24685	6	0
chr15	104043685	1825662	0
chr7	145441459	3252068	0
chrUn_JH584304	114452	40236	0
chr13	120421639	1177588	0
chr2	182113224	2838534	0
chrUn_GL456372	28664	190	0
chr5_GL456354_random	195993	1074	0
chr1_GL456213_random	39340	132	0
chr4_JH584294_random	191905	320	0
chr4_JH584295_random	1976	1956	0
chr12	120129022	1461514	0
chrM	16299	7483640	0
chrUn_GL456368	20208	26	0
chr1_GL456212_random	153618	968	0
chrUn_GL456392	23629	706	0
chr5_JH584299_random	953012	5104	0
chr17	94987271	2247502	0
chrUn_GL456367	42057	1062	0
chr10	130694993	2075790	0
*	0	0	0
