chr6	149736546	3101146	0
chrUn_GL456382	23158	240	0
chr19	61431566	1800970	0
chrY	91744698	151540	0
chrY_JH584300_random	182347	56	0
chr1_GL456211_random	241735	1134	0
chr5	151834684	3354386	0
chrUn_GL456378	31602	90	0
chrUn_GL456390	24668	38	0
chr4_JH584293_random	207968	420	0
chr4_GL456216_random	66673	2094	0
chr4_JH584292_random	14945	0	0
chr16	98207768	1087100	0
chrY_JH584303_random	158099	54	0
chr1_GL456221_random	206961	652	0
chrUn_GL456385	35240	6	0
chrUn_GL456360	31704	20	0
chrUn_GL456393	55711	40	0
chrUn_GL456383	38659	124	0
chr4_GL456350_random	227966	348	0
chr5_JH584296_random	199368	2260	0
chr18	90702639	1361262	0
chr5_JH584298_random	184189	462	0
chrUn_GL456379	72385	140	0
chr14	124902244	2388228	0
chrX	171031299	1171496	0
chr3	160039680	2083058	0
chrUn_GL456389	28772	52	0
chrUn_GL456239	40056	28	0
chrY_JH584302_random	155838	102	0
chr5_JH584297_random	205776	1558	0
chr11	122082543	3605468	0
chr9	124595110	2699922	0
chrUn_GL456396	21240	52	0
chr4	156508116	2615028	0
chrX_GL456233_random	336933	1314	0
chrY_JH584301_random	259875	270	0
chr8	129401213	2586812	0
chrUn_GL456381	25871	0	0
chr7_GL456219_random	175968	92	0
chrUn_GL456366	47073	26	0
chr1_GL456210_random	169725	432	0
chrUn_GL456370	26764	390	0
chrUn_GL456359	22974	12	0
chr1	195471971	4469996	0
chrUn_GL456394	24323	0	0
chrUn_GL456387	24685	0	0
chr15	104043685	2252242	0
chr7	145441459	3662688	0
chrUn_JH584304	114452	21842	0
chr13	120421639	1291136	0
chr2	182113224	3450468	0
chrUn_GL456372	28664	104	0
chr5_GL456354_random	195993	308	0
chr1_GL456213_random	39340	76	0
chr4_JH584294_random	191905	304	0
chr4_JH584295_random	1976	3046	0
chr12	120129022	1797374	0
chrM	16299	4192574	0
chrUn_GL456368	20208	8	0
chr1_GL456212_random	153618	532	0
chrUn_GL456392	23629	182	0
chr5_JH584299_random	953012	1938	0
chr17	94987271	3533066	0
chrUn_GL456367	42057	206	0
chr10	130694993	2382470	0
*	0	0	0
