chr6	149736546	1407772	0
chrUn_GL456382	23158	154	0
chr19	61431566	1123078	0
chrY	91744698	87362	0
chrY_JH584300_random	182347	32	0
chr1_GL456211_random	241735	1400	0
chr5	151834684	1948002	0
chrUn_GL456378	31602	56	0
chrUn_GL456390	24668	70	0
chr4_JH584293_random	207968	192	0
chr4_GL456216_random	66673	2240	0
chr4_JH584292_random	14945	0	0
chr16	98207768	617580	0
chrY_JH584303_random	158099	52	0
chr1_GL456221_random	206961	626	0
chrUn_GL456385	35240	16	0
chrUn_GL456360	31704	8	0
chrUn_GL456393	55711	98	0
chrUn_GL456383	38659	336	0
chr4_GL456350_random	227966	190	0
chr5_JH584296_random	199368	622	0
chr18	90702639	632622	0
chr5_JH584298_random	184189	208	0
chrUn_GL456379	72385	84	0
chr14	124902244	1034068	0
chrX	171031299	858644	0
chr3	160039680	1161864	0
chrUn_GL456389	28772	110	0
chrUn_GL456239	40056	14	0
chrY_JH584302_random	155838	98	0
chr5_JH584297_random	205776	494	0
chr11	122082543	2646270	0
chr9	124595110	1844094	0
chrUn_GL456396	21240	84	0
chr4	156508116	2020146	0
chrX_GL456233_random	336933	516	0
chrY_JH584301_random	259875	138	0
chr8	129401213	1475616	0
chrUn_GL456381	25871	0	0
chr7_GL456219_random	175968	62	0
chrUn_GL456366	47073	14	0
chr1_GL456210_random	169725	538	0
chrUn_GL456370	26764	238	0
chrUn_GL456359	22974	24	0
chr1	195471971	4972628	0
chrUn_GL456394	24323	0	0
chrUn_GL456387	24685	0	0
chr15	104043685	1478344	0
chr7	145441459	2646710	0
chrUn_JH584304	114452	24722	0
chr13	120421639	886478	0
chr2	182113224	2185440	0
chrUn_GL456372	28664	198	0
chr5_GL456354_random	195993	164	0
chr1_GL456213_random	39340	56	0
chr4_JH584294_random	191905	100	0
chr4_JH584295_random	1976	2918	0
chr12	120129022	1021724	0
chrM	16299	6862430	0
chrUn_GL456368	20208	8	0
chr1_GL456212_random	153618	714	0
chrUn_GL456392	23629	368	0
chr5_JH584299_random	953012	1032	0
chr17	94987271	1803940	0
chrUn_GL456367	42057	174	0
chr10	130694993	1609146	0
*	0	0	0
