## htsjdk.samtools.metrics.StringHeader
# MarkDuplicates --INPUT data/mapped_data/4306L_trimmed_Aligned.sortedByCoord.out.bam --OUTPUT data/mapped_data/4306L_trimmed_Aligned.sortedByCoord.dupMarker.out.bam --METRICS_FILE qc_reports/mapping_reads/4306L_trimmed_marked_dup_metrics.txt --MAX_SEQUENCES_FOR_DISK_READ_ENDS_MAP 50000 --MAX_FILE_HANDLES_FOR_READ_ENDS_MAP 8000 --SORTING_COLLECTION_SIZE_RATIO 0.25 --TAG_DUPLICATE_SET_MEMBERS false --REMOVE_SEQUENCING_DUPLICATES false --TAGGING_POLICY DontTag --CLEAR_DT true --DUPLEX_UMI false --ADD_PG_TAG_TO_READS true --REMOVE_DUPLICATES false --ASSUME_SORTED false --DUPLICATE_SCORING_STRATEGY SUM_OF_BASE_QUALITIES --PROGRAM_RECORD_ID MarkDuplicates --PROGRAM_GROUP_NAME MarkDuplicates --READ_NAME_REGEX <optimized capture of last three ':' separated fields as numeric values> --OPTICAL_DUPLICATE_PIXEL_DISTANCE 100 --MAX_OPTICAL_DUPLICATE_SET_SIZE 300000 --VERBOSITY INFO --QUIET false --VALIDATION_STRINGENCY STRICT --COMPRESSION_LEVEL 5 --MAX_RECORDS_IN_RAM 500000 --CREATE_INDEX false --CREATE_MD5_FILE false --GA4GH_CLIENT_SECRETS client_secrets.json --help false --version false --showHidden false --USE_JDK_DEFLATER false --USE_JDK_INFLATER false
## htsjdk.samtools.metrics.StringHeader
# Started on: Mon Mar 29 01:25:56 PDT 2021

## METRICS CLASS	picard.sam.DuplicationMetrics
LIBRARY	UNPAIRED_READS_EXAMINED	READ_PAIRS_EXAMINED	SECONDARY_OR_SUPPLEMENTARY_RDS	UNMAPPED_READS	UNPAIRED_READ_DUPLICATES	READ_PAIR_DUPLICATES	READ_PAIR_OPTICAL_DUPLICATES	PERCENT_DUPLICATION	ESTIMATED_LIBRARY_SIZE
Unknown Library	0	24708611	5662260	0	0	7956022	0	0.321994	29592541

## HISTOGRAM	java.lang.Double
BIN	CoverageMult	all_sets	non_optical_sets
1.0	1	12832858	12832858
2.0	1.433891	2735589	2735589
3.0	1.622153	642832	642832
4.0	1.703839	211414	211414
5.0	1.739281	96956	96956
6.0	1.754659	55572	55572
7.0	1.761332	36069	36069
8.0	1.764227	25130	25130
9.0	1.765483	18562	18562
10.0	1.766028	14256	14256
11.0	1.766265	10990	10990
12.0	1.766367	8977	8977
13.0	1.766412	7146	7146
14.0	1.766431	5865	5865
15.0	1.766439	5043	5043
16.0	1.766443	4201	4201
17.0	1.766445	3602	3602
18.0	1.766445	3153	3153
19.0	1.766446	2850	2850
20.0	1.766446	2449	2449
21.0	1.766446	2156	2156
22.0	1.766446	1973	1973
23.0	1.766446	1670	1670
24.0	1.766446	1578	1578
25.0	1.766446	1399	1399
26.0	1.766446	1296	1296
27.0	1.766446	1065	1065
28.0	1.766446	1051	1051
29.0	1.766446	956	956
30.0	1.766446	871	871
31.0	1.766446	780	780
32.0	1.766446	694	694
33.0	1.766446	639	639
34.0	1.766446	667	667
35.0	1.766446	579	579
36.0	1.766446	543	543
37.0	1.766446	485	485
38.0	1.766446	465	465
39.0	1.766446	473	473
40.0	1.766446	406	406
41.0	1.766446	421	421
42.0	1.766446	362	362
43.0	1.766446	359	359
44.0	1.766446	319	319
45.0	1.766446	307	307
46.0	1.766446	304	304
47.0	1.766446	270	270
48.0	1.766446	253	253
49.0	1.766446	233	233
50.0	1.766446	202	202
51.0	1.766446	231	231
52.0	1.766446	197	197
53.0	1.766446	196	196
54.0	1.766446	182	182
55.0	1.766446	171	171
56.0	1.766446	192	192
57.0	1.766446	160	160
58.0	1.766446	170	170
59.0	1.766446	167	167
60.0	1.766446	149	149
61.0	1.766446	147	147
62.0	1.766446	135	135
63.0	1.766446	124	124
64.0	1.766446	128	128
65.0	1.766446	107	107
66.0	1.766446	87	87
67.0	1.766446	86	86
68.0	1.766446	106	106
69.0	1.766446	89	89
70.0	1.766446	95	95
71.0	1.766446	81	81
72.0	1.766446	85	85
73.0	1.766446	93	93
74.0	1.766446	64	64
75.0	1.766446	97	97
76.0	1.766446	74	74
77.0	1.766446	67	67
78.0	1.766446	71	71
79.0	1.766446	79	79
80.0	1.766446	62	62
81.0	1.766446	64	64
82.0	1.766446	65	65
83.0	1.766446	48	48
84.0	1.766446	54	54
85.0	1.766446	58	58
86.0	1.766446	46	46
87.0	1.766446	61	61
88.0	1.766446	45	45
89.0	1.766446	46	46
90.0	1.766446	46	46
91.0	1.766446	46	46
92.0	1.766446	35	35
93.0	1.766446	43	43
94.0	1.766446	43	43
95.0	1.766446	46	46
96.0	1.766446	38	38
97.0	1.766446	26	26
98.0	1.766446	44	44
99.0	1.766446	33	33
100.0	1.766446	41	41
101.0	0	43	43
102.0	0	25	25
103.0	0	36	36
104.0	0	22	22
105.0	0	40	40
106.0	0	27	27
107.0	0	25	25
108.0	0	29	29
109.0	0	24	24
110.0	0	27	27
111.0	0	25	25
112.0	0	30	30
113.0	0	31	31
114.0	0	22	22
115.0	0	29	29
116.0	0	21	21
117.0	0	23	23
118.0	0	24	24
119.0	0	23	23
120.0	0	26	26
121.0	0	18	18
122.0	0	20	20
123.0	0	21	21
124.0	0	19	19
125.0	0	13	13
126.0	0	21	21
127.0	0	16	16
128.0	0	10	10
129.0	0	23	23
130.0	0	16	16
131.0	0	17	17
132.0	0	13	13
133.0	0	15	15
134.0	0	16	16
135.0	0	12	12
136.0	0	16	16
137.0	0	20	20
138.0	0	6	6
139.0	0	15	15
140.0	0	14	14
141.0	0	18	18
142.0	0	8	8
143.0	0	13	13
144.0	0	12	12
145.0	0	8	8
146.0	0	12	12
147.0	0	17	17
148.0	0	5	5
149.0	0	6	6
150.0	0	9	9
151.0	0	6	6
152.0	0	7	7
153.0	0	10	10
154.0	0	8	8
155.0	0	16	16
156.0	0	13	13
157.0	0	11	11
158.0	0	11	11
159.0	0	10	10
160.0	0	8	8
161.0	0	8	8
162.0	0	7	7
163.0	0	7	7
164.0	0	6	6
165.0	0	12	12
166.0	0	9	9
167.0	0	10	10
168.0	0	6	6
169.0	0	11	11
170.0	0	7	7
171.0	0	11	11
172.0	0	9	9
173.0	0	10	10
174.0	0	11	11
175.0	0	4	4
176.0	0	2	2
177.0	0	4	4
178.0	0	5	5
179.0	0	6	6
180.0	0	7	7
181.0	0	9	9
182.0	0	8	8
183.0	0	2	2
184.0	0	8	8
185.0	0	4	4
186.0	0	7	7
187.0	0	5	5
188.0	0	6	6
189.0	0	5	5
190.0	0	10	10
191.0	0	6	6
192.0	0	1	1
193.0	0	6	6
194.0	0	9	9
195.0	0	5	5
196.0	0	6	6
197.0	0	5	5
198.0	0	3	3
199.0	0	7	7
200.0	0	4	4
201.0	0	8	8
202.0	0	3	3
203.0	0	2	2
204.0	0	6	6
205.0	0	2	2
206.0	0	7	7
207.0	0	4	4
208.0	0	2	2
209.0	0	2	2
210.0	0	3	3
211.0	0	8	8
212.0	0	3	3
213.0	0	1	1
214.0	0	2	2
215.0	0	2	2
216.0	0	9	9
217.0	0	1	1
218.0	0	6	6
219.0	0	4	4
220.0	0	5	5
221.0	0	1	1
222.0	0	1	1
223.0	0	2	2
224.0	0	3	3
225.0	0	5	5
226.0	0	6	6
227.0	0	2	2
228.0	0	1	1
230.0	0	3	3
231.0	0	3	3
232.0	0	1	1
233.0	0	3	3
234.0	0	2	2
235.0	0	2	2
236.0	0	1	1
237.0	0	2	2
238.0	0	1	1
240.0	0	2	2
241.0	0	2	2
243.0	0	3	3
245.0	0	1	1
246.0	0	1	1
247.0	0	6	6
248.0	0	1	1
249.0	0	2	2
250.0	0	5	5
251.0	0	4	4
252.0	0	4	4
253.0	0	4	4
254.0	0	3	3
255.0	0	3	3
256.0	0	2	2
257.0	0	3	3
262.0	0	1	1
263.0	0	2	2
264.0	0	1	1
265.0	0	5	5
267.0	0	2	2
268.0	0	1	1
269.0	0	1	1
270.0	0	1	1
272.0	0	1	1
273.0	0	2	2
275.0	0	4	4
276.0	0	1	1
277.0	0	1	1
279.0	0	1	1
280.0	0	1	1
282.0	0	3	3
283.0	0	3	3
284.0	0	2	2
285.0	0	1	1
286.0	0	1	1
287.0	0	1	1
289.0	0	1	1
292.0	0	1	1
294.0	0	2	2
297.0	0	1	1
298.0	0	1	1
299.0	0	2	2
300.0	0	1	1
301.0	0	3	3
304.0	0	1	1
307.0	0	1	1
309.0	0	1	1
310.0	0	1	1
313.0	0	1	1
314.0	0	1	1
315.0	0	1	1
316.0	0	2	2
317.0	0	1	1
321.0	0	2	2
326.0	0	1	1
327.0	0	1	1
328.0	0	1	1
330.0	0	1	1
332.0	0	1	1
333.0	0	1	1
336.0	0	1	1
340.0	0	1	1
342.0	0	1	1
344.0	0	1	1
346.0	0	3	3
349.0	0	1	1
351.0	0	1	1
352.0	0	1	1
353.0	0	2	2
354.0	0	1	1
355.0	0	1	1
361.0	0	1	1
362.0	0	3	3
363.0	0	1	1
366.0	0	1	1
367.0	0	2	2
368.0	0	2	2
371.0	0	1	1
373.0	0	1	1
376.0	0	1	1
379.0	0	1	1
381.0	0	1	1
384.0	0	1	1
385.0	0	3	3
386.0	0	2	2
388.0	0	1	1
390.0	0	1	1
391.0	0	1	1
392.0	0	2	2
393.0	0	1	1
395.0	0	1	1
398.0	0	1	1
400.0	0	2	2
407.0	0	1	1
410.0	0	1	1
411.0	0	2	2
413.0	0	1	1
424.0	0	1	1
432.0	0	1	1
433.0	0	1	1
438.0	0	1	1
439.0	0	1	1
447.0	0	1	1
451.0	0	1	1
458.0	0	1	1
460.0	0	1	1
461.0	0	2	2
478.0	0	1	1
484.0	0	2	2
485.0	0	1	1
490.0	0	1	1
493.0	0	1	1
494.0	0	1	1
502.0	0	1	1
510.0	0	1	1
538.0	0	1	1
539.0	0	1	1
561.0	0	1	1
565.0	0	1	1
574.0	0	1	1
575.0	0	1	1
579.0	0	1	1
581.0	0	1	1
584.0	0	1	1
602.0	0	1	1
605.0	0	1	1
611.0	0	1	1
615.0	0	1	1
620.0	0	1	1
635.0	0	1	1
657.0	0	1	1
661.0	0	1	1
689.0	0	1	1
693.0	0	1	1
694.0	0	1	1
724.0	0	1	1
735.0	0	1	1
772.0	0	1	1
793.0	0	1	1
830.0	0	1	1
854.0	0	1	1
936.0	0	1	1
1082.0	0	1	1
1456.0	0	1	1

