chr6	149736546	2566900	0
chrUn_GL456382	23158	254	0
chr19	61431566	2138270	0
chrY	91744698	39960	0
chrY_JH584300_random	182347	0	0
chr1_GL456211_random	241735	2272	0
chr5	151834684	3311628	0
chrUn_GL456378	31602	128	0
chrUn_GL456390	24668	138	0
chr4_JH584293_random	207968	834	0
chr4_GL456216_random	66673	2126	0
chr4_JH584292_random	14945	4	0
chr16	98207768	1086698	0
chrY_JH584303_random	158099	2	0
chr1_GL456221_random	206961	1560	0
chrUn_GL456385	35240	28	0
chrUn_GL456360	31704	36	0
chrUn_GL456393	55711	88	0
chrUn_GL456383	38659	396	0
chr4_GL456350_random	227966	776	0
chr5_JH584296_random	199368	2122	0
chr18	90702639	1807422	0
chr5_JH584298_random	184189	1228	0
chrUn_GL456379	72385	156	0
chr14	124902244	2310584	0
chrX	171031299	1469318	0
chr3	160039680	2374304	0
chrUn_GL456389	28772	94	0
chrUn_GL456239	40056	80	0
chrY_JH584302_random	155838	0	0
chr5_JH584297_random	205776	1926	0
chr11	122082543	3820676	0
chr9	124595110	2554092	0
chrUn_GL456396	21240	110	0
chr4	156508116	2920588	0
chrX_GL456233_random	336933	1876	0
chrY_JH584301_random	259875	0	0
chr8	129401213	2219062	0
chrUn_GL456381	25871	2	0
chr7_GL456219_random	175968	206	0
chrUn_GL456366	47073	8	0
chr1_GL456210_random	169725	1038	0
chrUn_GL456370	26764	870	0
chrUn_GL456359	22974	26	0
chr1	195471971	4270284	0
chrUn_GL456394	24323	2	0
chrUn_GL456387	24685	0	0
chr15	104043685	1885270	0
chr7	145441459	4050610	0
chrUn_JH584304	114452	26874	0
chr13	120421639	1404864	0
chr2	182113224	3649354	0
chrUn_GL456372	28664	188	0
chr5_GL456354_random	195993	770	0
chr1_GL456213_random	39340	90	0
chr4_JH584294_random	191905	608	0
chr4_JH584295_random	1976	2448	0
chr12	120129022	1729146	0
chrM	16299	3413058	0
chrUn_GL456368	20208	46	0
chr1_GL456212_random	153618	1188	0
chrUn_GL456392	23629	264	0
chr5_JH584299_random	953012	4652	0
chr17	94987271	3625192	0
chrUn_GL456367	42057	832	0
chr10	130694993	3217252	0
*	0	0	0
