chr6	149736546	1094720	0
chrUn_GL456382	23158	192	0
chr19	61431566	967012	0
chrY	91744698	28676	0
chrY_JH584300_random	182347	0	0
chr1_GL456211_random	241735	1002	0
chr5	151834684	1562558	0
chrUn_GL456378	31602	22	0
chrUn_GL456390	24668	8	0
chr4_JH584293_random	207968	154	0
chr4_GL456216_random	66673	1310	0
chr4_JH584292_random	14945	0	0
chr16	98207768	520524	0
chrY_JH584303_random	158099	2	0
chr1_GL456221_random	206961	480	0
chrUn_GL456385	35240	0	0
chrUn_GL456360	31704	8	0
chrUn_GL456393	55711	16	0
chrUn_GL456383	38659	12	0
chr4_GL456350_random	227966	48	0
chr5_JH584296_random	199368	330	0
chr18	90702639	626308	0
chr5_JH584298_random	184189	52	0
chrUn_GL456379	72385	90	0
chr14	124902244	946042	0
chrX	171031299	677090	0
chr3	160039680	992016	0
chrUn_GL456389	28772	2	0
chrUn_GL456239	40056	0	0
chrY_JH584302_random	155838	0	0
chr5_JH584297_random	205776	220	0
chr11	122082543	2153642	0
chr9	124595110	1285452	0
chrUn_GL456396	21240	2	0
chr4	156508116	1798044	0
chrX_GL456233_random	336933	498	0
chrY_JH584301_random	259875	0	0
chr8	129401213	1238232	0
chrUn_GL456381	25871	0	0
chr7_GL456219_random	175968	10	0
chrUn_GL456366	47073	0	0
chr1_GL456210_random	169725	376	0
chrUn_GL456370	26764	128	0
chrUn_GL456359	22974	0	0
chr1	195471971	3613634	0
chrUn_GL456394	24323	0	0
chrUn_GL456387	24685	0	0
chr15	104043685	1041202	0
chr7	145441459	2363144	0
chrUn_JH584304	114452	17866	0
chr13	120421639	648758	0
chr2	182113224	1870412	0
chrUn_GL456372	28664	118	0
chr5_GL456354_random	195993	44	0
chr1_GL456213_random	39340	148	0
chr4_JH584294_random	191905	150	0
chr4_JH584295_random	1976	914	0
chr12	120129022	973822	0
chrM	16299	4470670	0
chrUn_GL456368	20208	0	0
chr1_GL456212_random	153618	450	0
chrUn_GL456392	23629	18	0
chr5_JH584299_random	953012	216	0
chr17	94987271	1343590	0
chrUn_GL456367	42057	68	0
chr10	130694993	1377286	0
*	0	0	0
