chrY	91744698	46740	0
chrY_JH584303_random	158099	2	0
chrX_GL456233_random	336933	2440	0
chr5	151834684	4779273	0
chr5_JH584299_random	953012	20	0
chr3	160039680	4468156	0
chr4_JH584293_random	207968	36	0
chrUn_GL456390	24668	10	0
chr2	182113224	4506442	0
chrUn_GL456368	20208	8	0
chr5_JH584296_random	199368	262	0
chr4_JH584295_random	1976	802	0
chrUn_GL456239	40056	0	0
chr4_JH584292_random	14945	18	0
chr6	149736546	3317703	0
chr16	98207768	4151927	0
chrUn_GL456392	23629	88	0
chr4_JH584294_random	191905	16	0
chrUn_GL456381	25871	0	0
chrUn_GL456359	22974	0	0
chrUn_GL456383	38659	62	0
chr5_JH584298_random	184189	6	0
chr15	104043685	2707315	0
chr12	120129022	2180241	0
chrUn_GL456393	55711	30	0
chr5_JH584297_random	205776	234	0
chrM	16299	2665842	0
chrUn_GL456382	23158	10142	0
chr1	195471971	4069938	0
chr4	156508116	4009345	0
chrUn_GL456385	35240	0	0
chr7_GL456219_random	175968	0	0
chrUn_GL456387	24685	0	0
chr4_GL456350_random	227966	16	0
chr9	124595110	6348874	0
chrUn_GL456367	42057	0	0
chr1_GL456210_random	169725	972	0
chrY_JH584301_random	259875	0	0
chr18	90702639	1710608	0
chrUn_GL456370	26764	60	0
chr1_GL456213_random	39340	30	0
chrUn_GL456396	21240	14	0
chr1_GL456212_random	153618	842	0
chrUn_GL456394	24323	0	0
chr1_GL456211_random	241735	1856	0
chr10	130694993	2681738	0
chrUn_GL456379	72385	2026	0
chr4_GL456216_random	66673	1887	0
chr5_GL456354_random	195993	4	0
chr14	124902244	3238525	0
chrX	171031299	2106455	0
chr11	122082543	5911563	0
chr1_GL456221_random	206961	852	0
chr13	120421639	3079378	0
chrUn_GL456360	31704	0	0
chr19	61431566	2239972	0
chrY_JH584300_random	182347	0	0
chr8	129401213	2906013	0
chrUn_GL456366	47073	26	0
chr17	94987271	4177974	0
chrUn_GL456389	28772	130	0
chrY_JH584302_random	155838	0	0
chrUn_GL456372	28664	80	0
chr7	145441459	4860188	0
chrUn_JH584304	114452	6287	0
chrUn_GL456378	31602	344	0
*	0	0	0
