chrY	91744698	37330	0
chrY_JH584303_random	158099	2	0
chrX_GL456233_random	336933	2022	0
chr5	151834684	4202970	0
chr5_JH584299_random	953012	14	0
chr3	160039680	3364618	0
chr4_JH584293_random	207968	46	0
chrUn_GL456390	24668	22	0
chr2	182113224	3907593	0
chrUn_GL456368	20208	4	0
chr5_JH584296_random	199368	164	0
chr4_JH584295_random	1976	768	0
chrUn_GL456239	40056	0	0
chr4_JH584292_random	14945	0	0
chr6	149736546	2842977	0
chr16	98207768	2644151	0
chrUn_GL456392	23629	50	0
chr4_JH584294_random	191905	30	0
chrUn_GL456381	25871	0	0
chrUn_GL456359	22974	0	0
chrUn_GL456383	38659	14	0
chr5_JH584298_random	184189	2	0
chr15	104043685	2432115	0
chr12	120129022	1834222	0
chrUn_GL456393	55711	18	0
chr5_JH584297_random	205776	130	0
chrM	16299	1929040	0
chrUn_GL456382	23158	7855	0
chr1	195471971	3444153	0
chr4	156508116	3556093	0
chrUn_GL456385	35240	0	0
chr7_GL456219_random	175968	6	0
chrUn_GL456387	24685	0	0
chr4_GL456350_random	227966	34	0
chr9	124595110	4761802	0
chrUn_GL456367	42057	0	0
chr1_GL456210_random	169725	888	0
chrY_JH584301_random	259875	0	0
chr18	90702639	1442178	0
chrUn_GL456370	26764	24	0
chr1_GL456213_random	39340	46	0
chrUn_GL456396	21240	24	0
chr1_GL456212_random	153618	806	0
chrUn_GL456394	24323	0	0
chr1_GL456211_random	241735	1804	0
chr10	130694993	2368903	0
chrUn_GL456379	72385	1486	0
chr4_GL456216_random	66673	1660	0
chr5_GL456354_random	195993	0	0
chr14	124902244	2545044	0
chrX	171031299	1838537	0
chr11	122082543	5192180	0
chr1_GL456221_random	206961	764	0
chr13	120421639	2693163	0
chrUn_GL456360	31704	0	0
chr19	61431566	1987111	0
chrY_JH584300_random	182347	0	0
chr8	129401213	2533673	0
chrUn_GL456366	47073	22	0
chr17	94987271	3488381	0
chrUn_GL456389	28772	40	0
chrY_JH584302_random	155838	0	0
chrUn_GL456372	28664	134	0
chr7	145441459	4252248	0
chrUn_JH584304	114452	5510	0
chrUn_GL456378	31602	278	0
*	0	0	0
