chr6	149736546	1820860	0
chrUn_GL456382	23158	792	0
chr19	61431566	1191075	0
chrY	91744698	19506	0
chrY_JH584300_random	182347	26	0
chr1_GL456211_random	241735	1268	0
chr5	151834684	2097823	0
chrUn_GL456378	31602	19	0
chrUn_GL456390	24668	0	0
chr4_JH584293_random	207968	1282	0
chr4_GL456216_random	66673	574	0
chr4_JH584292_random	14945	0	0
chr16	98207768	1905315	0
chrY_JH584303_random	158099	2	0
chr1_GL456221_random	206961	1113	0
chrUn_GL456385	35240	4	0
chrUn_GL456360	31704	0	0
chrUn_GL456393	55711	16	0
chrUn_GL456383	38659	0	0
chr4_GL456350_random	227966	1924	0
chr5_JH584296_random	199368	118	0
chr18	90702639	811278	0
chr5_JH584298_random	184189	12	0
chrUn_GL456379	72385	70	0
chr14	124902244	1036059	0
chrX	171031299	668302	0
chr3	160039680	1754975	0
chrUn_GL456389	28772	4	0
chrUn_GL456239	40056	2	0
chrY_JH584302_random	155838	0	0
chr5_JH584297_random	205776	112	0
chr11	122082543	2338928	0
chr9	124595110	2009441	0
chrUn_GL456396	21240	4	0
chr4	156508116	1579939	0
chrX_GL456233_random	336933	2014	0
chrY_JH584301_random	259875	0	0
chr8	129401213	1264035	0
chrUn_GL456381	25871	4	0
chr7_GL456219_random	175968	6	0
chrUn_GL456366	47073	4	0
chr1_GL456210_random	169725	1735	0
chrUn_GL456370	26764	122	0
chrUn_GL456359	22974	8	0
chr1	195471971	2080462	0
chrUn_GL456394	24323	0	0
chrUn_GL456387	24685	2	0
chr15	104043685	1343329	0
chr7	145441459	2383541	0
chrUn_JH584304	114452	6978	0
chr13	120421639	1179538	0
chr2	182113224	2292375	0
chrUn_GL456372	28664	280	0
chr5_GL456354_random	195993	22	0
chr1_GL456213_random	39340	18	0
chr4_JH584294_random	191905	2405	0
chr4_JH584295_random	1976	100	0
chr12	120129022	4088847	0
chrM	16299	1394058	0
chrUn_GL456368	20208	28	0
chr1_GL456212_random	153618	778	0
chrUn_GL456392	23629	4	0
chr5_JH584299_random	953012	40	0
chr17	94987271	1946210	0
chrUn_GL456367	42057	0	0
chr10	130694993	1164353	0
*	0	0	0
