## htsjdk.samtools.metrics.StringHeader
# MarkDuplicates --INPUT data/mapped_data/MAP3Kneg_DSS_D1_REP2_trimmed_Aligned.sortedByCoord.out.bam --OUTPUT data/mapped_data/MAP3Kneg_DSS_D1_REP2_trimmed_Aligned.sortedByCoord.dupMarker.out.bam --METRICS_FILE qc_reports/mapping_reads/MAP3Kneg_DSS_D1_REP2_trimmed_marked_dup_metrics.txt --MAX_SEQUENCES_FOR_DISK_READ_ENDS_MAP 50000 --MAX_FILE_HANDLES_FOR_READ_ENDS_MAP 8000 --SORTING_COLLECTION_SIZE_RATIO 0.25 --TAG_DUPLICATE_SET_MEMBERS false --REMOVE_SEQUENCING_DUPLICATES false --TAGGING_POLICY DontTag --CLEAR_DT true --DUPLEX_UMI false --ADD_PG_TAG_TO_READS true --REMOVE_DUPLICATES false --ASSUME_SORTED false --DUPLICATE_SCORING_STRATEGY SUM_OF_BASE_QUALITIES --PROGRAM_RECORD_ID MarkDuplicates --PROGRAM_GROUP_NAME MarkDuplicates --READ_NAME_REGEX <optimized capture of last three ':' separated fields as numeric values> --OPTICAL_DUPLICATE_PIXEL_DISTANCE 100 --MAX_OPTICAL_DUPLICATE_SET_SIZE 300000 --VERBOSITY INFO --QUIET false --VALIDATION_STRINGENCY STRICT --COMPRESSION_LEVEL 5 --MAX_RECORDS_IN_RAM 500000 --CREATE_INDEX false --CREATE_MD5_FILE false --GA4GH_CLIENT_SECRETS client_secrets.json --help false --version false --showHidden false --USE_JDK_DEFLATER false --USE_JDK_INFLATER false
## htsjdk.samtools.metrics.StringHeader
# Started on: Fri Mar 12 08:01:49 PST 2021

## METRICS CLASS	picard.sam.DuplicationMetrics
LIBRARY	UNPAIRED_READS_EXAMINED	READ_PAIRS_EXAMINED	SECONDARY_OR_SUPPLEMENTARY_RDS	UNMAPPED_READS	UNPAIRED_READ_DUPLICATES	READ_PAIR_DUPLICATES	READ_PAIR_OPTICAL_DUPLICATES	PERCENT_DUPLICATION	ESTIMATED_LIBRARY_SIZE
Unknown Library	7984	13030104	4255321	0	4315	2750740	0	0.211207	26345176

## HISTOGRAM	java.lang.Double
BIN	CoverageMult	all_sets	non_optical_sets
1.0	1	9599893	9599893
2.0	1.60982	420333	420333
3.0	1.9817	99124	99124
4.0	2.20848	45362	45362
5.0	2.346775	26089	26089
6.0	2.43111	16803	16803
7.0	2.482539	11523	11523
8.0	2.513902	8605	8605
9.0	2.533027	6532	6532
10.0	2.54469	5216	5216
11.0	2.551803	4214	4214
12.0	2.55614	3471	3471
13.0	2.558785	2882	2882
14.0	2.560398	2415	2415
15.0	2.561382	2067	2067
16.0	2.561981	1856	1856
17.0	2.562347	1627	1627
18.0	2.56257	1334	1334
19.0	2.562706	1193	1193
20.0	2.562789	1126	1126
21.0	2.56284	980	980
22.0	2.562871	850	850
23.0	2.562889	801	801
24.0	2.562901	778	778
25.0	2.562908	697	697
26.0	2.562912	594	594
27.0	2.562915	572	572
28.0	2.562916	518	518
29.0	2.562917	476	476
30.0	2.562918	457	457
31.0	2.562918	405	405
32.0	2.562919	375	375
33.0	2.562919	358	358
34.0	2.562919	354	354
35.0	2.562919	319	319
36.0	2.562919	336	336
37.0	2.562919	269	269
38.0	2.562919	281	281
39.0	2.562919	266	266
40.0	2.562919	224	224
41.0	2.562919	226	226
42.0	2.562919	214	214
43.0	2.562919	228	228
44.0	2.562919	201	201
45.0	2.562919	178	178
46.0	2.562919	191	191
47.0	2.562919	185	185
48.0	2.562919	147	147
49.0	2.562919	147	147
50.0	2.562919	143	143
51.0	2.562919	151	151
52.0	2.562919	128	128
53.0	2.562919	139	139
54.0	2.562919	143	143
55.0	2.562919	115	115
56.0	2.562919	115	115
57.0	2.562919	111	111
58.0	2.562919	111	111
59.0	2.562919	96	96
60.0	2.562919	97	97
61.0	2.562919	83	83
62.0	2.562919	91	91
63.0	2.562919	100	100
64.0	2.562919	77	77
65.0	2.562919	75	75
66.0	2.562919	81	81
67.0	2.562919	66	66
68.0	2.562919	79	79
69.0	2.562919	72	72
70.0	2.562919	91	91
71.0	2.562919	73	73
72.0	2.562919	73	73
73.0	2.562919	64	64
74.0	2.562919	60	60
75.0	2.562919	57	57
76.0	2.562919	61	61
77.0	2.562919	59	59
78.0	2.562919	56	56
79.0	2.562919	39	39
80.0	2.562919	53	53
81.0	2.562919	51	51
82.0	2.562919	47	47
83.0	2.562919	33	33
84.0	2.562919	51	51
85.0	2.562919	48	48
86.0	2.562919	51	51
87.0	2.562919	36	36
88.0	2.562919	37	37
89.0	2.562919	39	39
90.0	2.562919	26	26
91.0	2.562919	36	36
92.0	2.562919	34	34
93.0	2.562919	40	40
94.0	2.562919	36	36
95.0	2.562919	44	44
96.0	2.562919	31	31
97.0	2.562919	38	38
98.0	2.562919	31	31
99.0	2.562919	35	35
100.0	2.562919	35	35
101.0	0	33	33
102.0	0	25	25
103.0	0	38	38
104.0	0	24	24
105.0	0	27	27
106.0	0	24	24
107.0	0	43	43
108.0	0	30	30
109.0	0	29	29
110.0	0	22	22
111.0	0	24	24
112.0	0	30	30
113.0	0	27	27
114.0	0	29	29
115.0	0	21	21
116.0	0	22	22
117.0	0	16	16
118.0	0	22	22
119.0	0	28	28
120.0	0	20	20
121.0	0	15	15
122.0	0	33	33
123.0	0	17	17
124.0	0	26	26
125.0	0	19	19
126.0	0	24	24
127.0	0	22	22
128.0	0	21	21
129.0	0	22	22
130.0	0	21	21
131.0	0	13	13
132.0	0	19	19
133.0	0	22	22
134.0	0	11	11
135.0	0	16	16
136.0	0	16	16
137.0	0	20	20
138.0	0	17	17
139.0	0	17	17
140.0	0	20	20
141.0	0	9	9
142.0	0	16	16
143.0	0	8	8
144.0	0	16	16
145.0	0	11	11
146.0	0	11	11
147.0	0	18	18
148.0	0	12	12
149.0	0	13	13
150.0	0	14	14
151.0	0	10	10
152.0	0	16	16
153.0	0	12	12
154.0	0	10	10
155.0	0	12	12
156.0	0	12	12
157.0	0	16	16
158.0	0	10	10
159.0	0	14	14
160.0	0	14	14
161.0	0	8	8
162.0	0	18	18
163.0	0	9	9
164.0	0	8	8
165.0	0	15	15
166.0	0	8	8
167.0	0	7	7
168.0	0	11	11
169.0	0	8	8
170.0	0	10	10
171.0	0	7	7
172.0	0	9	9
173.0	0	10	10
174.0	0	8	8
175.0	0	12	12
176.0	0	14	14
177.0	0	10	10
178.0	0	11	11
179.0	0	3	3
180.0	0	7	7
181.0	0	10	10
182.0	0	7	7
183.0	0	7	7
184.0	0	10	10
185.0	0	5	5
186.0	0	8	8
187.0	0	3	3
188.0	0	12	12
189.0	0	8	8
190.0	0	9	9
191.0	0	9	9
192.0	0	9	9
193.0	0	8	8
194.0	0	6	6
195.0	0	6	6
196.0	0	5	5
197.0	0	9	9
198.0	0	8	8
199.0	0	6	6
200.0	0	5	5
201.0	0	6	6
202.0	0	6	6
203.0	0	6	6
204.0	0	6	6
205.0	0	4	4
206.0	0	5	5
207.0	0	7	7
208.0	0	10	10
209.0	0	2	2
210.0	0	1	1
211.0	0	5	5
212.0	0	8	8
213.0	0	4	4
214.0	0	6	6
215.0	0	6	6
216.0	0	6	6
217.0	0	2	2
218.0	0	5	5
219.0	0	5	5
220.0	0	4	4
221.0	0	14	14
222.0	0	8	8
223.0	0	2	2
224.0	0	3	3
225.0	0	7	7
226.0	0	1	1
227.0	0	5	5
228.0	0	4	4
229.0	0	6	6
230.0	0	5	5
231.0	0	6	6
232.0	0	6	6
233.0	0	9	9
234.0	0	4	4
235.0	0	9	9
236.0	0	4	4
237.0	0	2	2
238.0	0	9	9
239.0	0	2	2
240.0	0	3	3
241.0	0	3	3
242.0	0	5	5
243.0	0	6	6
244.0	0	4	4
245.0	0	8	8
246.0	0	6	6
247.0	0	1	1
248.0	0	5	5
249.0	0	2	2
250.0	0	10	10
251.0	0	2	2
252.0	0	6	6
253.0	0	3	3
254.0	0	5	5
255.0	0	3	3
256.0	0	2	2
257.0	0	2	2
258.0	0	7	7
259.0	0	2	2
260.0	0	10	10
261.0	0	4	4
262.0	0	9	9
263.0	0	4	4
264.0	0	2	2
265.0	0	1	1
266.0	0	3	3
267.0	0	4	4
268.0	0	3	3
269.0	0	2	2
270.0	0	3	3
271.0	0	3	3
272.0	0	4	4
273.0	0	6	6
274.0	0	3	3
275.0	0	3	3
276.0	0	4	4
277.0	0	3	3
278.0	0	2	2
279.0	0	2	2
280.0	0	3	3
281.0	0	3	3
282.0	0	2	2
283.0	0	3	3
284.0	0	2	2
285.0	0	4	4
286.0	0	6	6
287.0	0	6	6
288.0	0	1	1
289.0	0	1	1
290.0	0	1	1
291.0	0	2	2
292.0	0	2	2
293.0	0	5	5
294.0	0	4	4
295.0	0	2	2
296.0	0	4	4
297.0	0	1	1
298.0	0	2	2
299.0	0	2	2
300.0	0	1	1
301.0	0	2	2
302.0	0	3	3
303.0	0	6	6
304.0	0	5	5
305.0	0	4	4
306.0	0	4	4
307.0	0	1	1
308.0	0	2	2
309.0	0	1	1
310.0	0	3	3
311.0	0	2	2
312.0	0	5	5
313.0	0	2	2
314.0	0	4	4
315.0	0	2	2
316.0	0	7	7
317.0	0	1	1
318.0	0	1	1
319.0	0	3	3
320.0	0	1	1
321.0	0	2	2
322.0	0	2	2
323.0	0	2	2
324.0	0	2	2
325.0	0	1	1
326.0	0	2	2
328.0	0	3	3
329.0	0	3	3
330.0	0	4	4
332.0	0	2	2
333.0	0	2	2
334.0	0	1	1
335.0	0	1	1
336.0	0	1	1
337.0	0	3	3
338.0	0	3	3
339.0	0	2	2
340.0	0	2	2
341.0	0	4	4
343.0	0	8	8
344.0	0	4	4
345.0	0	3	3
346.0	0	1	1
347.0	0	1	1
348.0	0	3	3
349.0	0	4	4
350.0	0	2	2
351.0	0	1	1
352.0	0	3	3
353.0	0	2	2
354.0	0	3	3
355.0	0	2	2
356.0	0	1	1
358.0	0	2	2
359.0	0	2	2
361.0	0	2	2
363.0	0	1	1
365.0	0	1	1
366.0	0	1	1
367.0	0	2	2
369.0	0	3	3
370.0	0	1	1
372.0	0	2	2
373.0	0	3	3
374.0	0	2	2
375.0	0	2	2
376.0	0	2	2
377.0	0	3	3
378.0	0	2	2
379.0	0	1	1
380.0	0	2	2
381.0	0	2	2
382.0	0	1	1
383.0	0	3	3
384.0	0	4	4
386.0	0	2	2
388.0	0	2	2
389.0	0	1	1
390.0	0	1	1
391.0	0	3	3
392.0	0	1	1
393.0	0	1	1
394.0	0	3	3
395.0	0	1	1
396.0	0	2	2
397.0	0	1	1
399.0	0	1	1
401.0	0	1	1
402.0	0	1	1
403.0	0	1	1
404.0	0	4	4
406.0	0	1	1
407.0	0	1	1
408.0	0	1	1
409.0	0	1	1
410.0	0	2	2
411.0	0	2	2
413.0	0	1	1
414.0	0	3	3
416.0	0	1	1
417.0	0	2	2
418.0	0	1	1
420.0	0	6	6
421.0	0	2	2
422.0	0	2	2
424.0	0	1	1
425.0	0	3	3
426.0	0	1	1
427.0	0	2	2
430.0	0	1	1
431.0	0	2	2
432.0	0	3	3
433.0	0	2	2
434.0	0	2	2
435.0	0	2	2
436.0	0	1	1
437.0	0	1	1
438.0	0	1	1
439.0	0	1	1
440.0	0	2	2
442.0	0	2	2
443.0	0	3	3
444.0	0	2	2
446.0	0	4	4
451.0	0	2	2
452.0	0	1	1
453.0	0	1	1
454.0	0	1	1
456.0	0	1	1
458.0	0	1	1
459.0	0	1	1
460.0	0	1	1
461.0	0	3	3
463.0	0	1	1
465.0	0	1	1
466.0	0	1	1
467.0	0	4	4
468.0	0	1	1
471.0	0	1	1
473.0	0	2	2
475.0	0	1	1
476.0	0	1	1
477.0	0	1	1
478.0	0	2	2
480.0	0	2	2
482.0	0	2	2
484.0	0	2	2
487.0	0	5	5
488.0	0	1	1
489.0	0	3	3
490.0	0	2	2
492.0	0	1	1
493.0	0	1	1
496.0	0	1	1
497.0	0	3	3
498.0	0	1	1
500.0	0	1	1
502.0	0	1	1
503.0	0	1	1
504.0	0	2	2
505.0	0	1	1
508.0	0	2	2
510.0	0	2	2
512.0	0	1	1
513.0	0	1	1
514.0	0	1	1
518.0	0	1	1
521.0	0	1	1
522.0	0	1	1
523.0	0	1	1
525.0	0	1	1
526.0	0	1	1
527.0	0	1	1
529.0	0	2	2
532.0	0	1	1
534.0	0	1	1
535.0	0	1	1
539.0	0	1	1
541.0	0	1	1
543.0	0	1	1
546.0	0	1	1
547.0	0	1	1
548.0	0	1	1
549.0	0	1	1
551.0	0	1	1
553.0	0	1	1
554.0	0	1	1
555.0	0	1	1
556.0	0	2	2
558.0	0	1	1
560.0	0	1	1
561.0	0	2	2
562.0	0	1	1
563.0	0	2	2
565.0	0	4	4
566.0	0	1	1
567.0	0	2	2
569.0	0	1	1
570.0	0	1	1
573.0	0	2	2
574.0	0	2	2
577.0	0	1	1
578.0	0	1	1
580.0	0	1	1
581.0	0	1	1
583.0	0	2	2
586.0	0	2	2
587.0	0	1	1
589.0	0	2	2
590.0	0	1	1
591.0	0	1	1
594.0	0	1	1
600.0	0	1	1
601.0	0	1	1
603.0	0	1	1
604.0	0	2	2
612.0	0	1	1
613.0	0	1	1
619.0	0	3	3
620.0	0	2	2
622.0	0	2	2
623.0	0	2	2
624.0	0	3	3
629.0	0	1	1
633.0	0	1	1
636.0	0	1	1
637.0	0	1	1
638.0	0	2	2
640.0	0	2	2
642.0	0	1	1
643.0	0	1	1
644.0	0	1	1
647.0	0	1	1
651.0	0	1	1
654.0	0	1	1
661.0	0	1	1
667.0	0	1	1
672.0	0	1	1
674.0	0	1	1
677.0	0	1	1
680.0	0	2	2
684.0	0	1	1
688.0	0	1	1
691.0	0	2	2
699.0	0	1	1
701.0	0	1	1
702.0	0	2	2
707.0	0	1	1
708.0	0	2	2
711.0	0	2	2
716.0	0	1	1
724.0	0	2	2
728.0	0	1	1
735.0	0	1	1
739.0	0	1	1
740.0	0	1	1
751.0	0	1	1
754.0	0	1	1
756.0	0	1	1
758.0	0	1	1
762.0	0	2	2
763.0	0	1	1
767.0	0	1	1
768.0	0	2	2
770.0	0	1	1
771.0	0	2	2
774.0	0	1	1
780.0	0	1	1
788.0	0	1	1
791.0	0	1	1
794.0	0	2	2
798.0	0	1	1
800.0	0	2	2
806.0	0	1	1
813.0	0	1	1
814.0	0	1	1
819.0	0	1	1
831.0	0	1	1
832.0	0	2	2
833.0	0	1	1
840.0	0	1	1
861.0	0	1	1
865.0	0	1	1
872.0	0	2	2
879.0	0	1	1
885.0	0	1	1
886.0	0	1	1
889.0	0	1	1
890.0	0	1	1
895.0	0	1	1
901.0	0	1	1
903.0	0	1	1
913.0	0	1	1
914.0	0	1	1
918.0	0	1	1
921.0	0	1	1
922.0	0	1	1
933.0	0	1	1
945.0	0	1	1
947.0	0	1	1
952.0	0	1	1
962.0	0	1	1
963.0	0	1	1
971.0	0	2	2
978.0	0	1	1
979.0	0	1	1
984.0	0	1	1
986.0	0	1	1
987.0	0	1	1
988.0	0	1	1
989.0	0	1	1
999.0	0	1	1
1005.0	0	1	1
1009.0	0	1	1
1013.0	0	2	2
1014.0	0	1	1
1020.0	0	1	1
1022.0	0	1	1
1043.0	0	1	1
1044.0	0	1	1
1053.0	0	1	1
1054.0	0	1	1
1062.0	0	1	1
1067.0	0	1	1
1087.0	0	1	1
1089.0	0	1	1
1121.0	0	1	1
1135.0	0	1	1
1161.0	0	1	1
1189.0	0	1	1
1296.0	0	1	1
1307.0	0	1	1
1339.0	0	1	1
1369.0	0	1	1
1405.0	0	1	1
1408.0	0	1	1
1446.0	0	1	1
1456.0	0	1	1
1480.0	0	1	1
1507.0	0	1	1
1512.0	0	1	1
1518.0	0	1	1
1524.0	0	1	1
1570.0	0	1	1
1615.0	0	1	1
1639.0	0	1	1
1650.0	0	1	1
1684.0	0	1	1
1722.0	0	1	1
1767.0	0	1	1
1779.0	0	1	1
1797.0	0	1	1
1807.0	0	1	1
1808.0	0	1	1
1868.0	0	1	1
1957.0	0	1	1
2012.0	0	1	1
2042.0	0	1	1
2060.0	0	1	1
2109.0	0	1	1
2291.0	0	1	1
2348.0	0	1	1
2373.0	0	1	1
2439.0	0	1	1
2654.0	0	1	1
2708.0	0	1	1
2781.0	0	1	1
2911.0	0	1	1
2942.0	0	1	1
3820.0	0	1	1
3850.0	0	1	1
3988.0	0	1	1
4002.0	0	1	1
4907.0	0	1	1
4926.0	0	1	1
4954.0	0	1	1
11393.0	0	1	1

