chr6	149736546	1670606	0
chrUn_GL456382	23158	930	0
chr19	61431566	1117720	0
chrY	91744698	24285	0
chrY_JH584300_random	182347	19	0
chr1_GL456211_random	241735	1148	0
chr5	151834684	2157350	0
chrUn_GL456378	31602	6	0
chrUn_GL456390	24668	0	0
chr4_JH584293_random	207968	1164	0
chr4_GL456216_random	66673	556	0
chr4_JH584292_random	14945	0	0
chr16	98207768	1938780	0
chrY_JH584303_random	158099	0	0
chr1_GL456221_random	206961	1010	0
chrUn_GL456385	35240	2	0
chrUn_GL456360	31704	0	0
chrUn_GL456393	55711	48	0
chrUn_GL456383	38659	4	0
chr4_GL456350_random	227966	1754	0
chr5_JH584296_random	199368	174	0
chr18	90702639	775178	0
chr5_JH584298_random	184189	10	0
chrUn_GL456379	72385	134	0
chr14	124902244	992010	0
chrX	171031299	651688	0
chr3	160039680	1793138	0
chrUn_GL456389	28772	12	0
chrUn_GL456239	40056	2	0
chrY_JH584302_random	155838	0	0
chr5_JH584297_random	205776	156	0
chr11	122082543	2323026	0
chr9	124595110	1899890	0
chrUn_GL456396	21240	4	0
chr4	156508116	1568018	0
chrX_GL456233_random	336933	1980	0
chrY_JH584301_random	259875	0	0
chr8	129401213	1170789	0
chrUn_GL456381	25871	2	0
chr7_GL456219_random	175968	0	0
chrUn_GL456366	47073	16	0
chr1_GL456210_random	169725	1342	0
chrUn_GL456370	26764	86	0
chrUn_GL456359	22974	6	0
chr1	195471971	1974098	0
chrUn_GL456394	24323	0	0
chrUn_GL456387	24685	0	0
chr15	104043685	1235621	0
chr7	145441459	2344806	0
chrUn_JH584304	114452	5000	0
chr13	120421639	1181030	0
chr2	182113224	2149368	0
chrUn_GL456372	28664	208	0
chr5_GL456354_random	195993	18	0
chr1_GL456213_random	39340	34	0
chr4_JH584294_random	191905	2032	0
chr4_JH584295_random	1976	142	0
chr12	120129022	3286812	0
chrM	16299	1190646	0
chrUn_GL456368	20208	36	0
chr1_GL456212_random	153618	640	0
chrUn_GL456392	23629	6	0
chr5_JH584299_random	953012	40	0
chr17	94987271	1905121	0
chrUn_GL456367	42057	0	0
chr10	130694993	1091874	0
*	0	0	0
