chr6	149736546	1496334	0
chrUn_GL456382	23158	744	0
chr19	61431566	981250	0
chrY	91744698	16102	0
chrY_JH584300_random	182347	24	0
chr1_GL456211_random	241735	1218	0
chr5	151834684	1932424	0
chrUn_GL456378	31602	16	0
chrUn_GL456390	24668	2	0
chr4_JH584293_random	207968	1169	0
chr4_GL456216_random	66673	416	0
chr4_JH584292_random	14945	2	0
chr16	98207768	1394970	0
chrY_JH584303_random	158099	0	0
chr1_GL456221_random	206961	990	0
chrUn_GL456385	35240	2	0
chrUn_GL456360	31704	4	0
chrUn_GL456393	55711	20	0
chrUn_GL456383	38659	0	0
chr4_GL456350_random	227966	1731	0
chr5_JH584296_random	199368	108	0
chr18	90702639	679879	0
chr5_JH584298_random	184189	4	0
chrUn_GL456379	72385	50	0
chr14	124902244	889716	0
chrX	171031299	583495	0
chr3	160039680	1451726	0
chrUn_GL456389	28772	2	0
chrUn_GL456239	40056	4	0
chrY_JH584302_random	155838	0	0
chr5_JH584297_random	205776	100	0
chr11	122082543	1981180	0
chr9	124595110	1758356	0
chrUn_GL456396	21240	0	0
chr4	156508116	1374455	0
chrX_GL456233_random	336933	1796	0
chrY_JH584301_random	259875	2	0
chr8	129401213	1022332	0
chrUn_GL456381	25871	0	0
chr7_GL456219_random	175968	10	0
chrUn_GL456366	47073	12	0
chr1_GL456210_random	169725	1502	0
chrUn_GL456370	26764	44	0
chrUn_GL456359	22974	14	0
chr1	195471971	1807326	0
chrUn_GL456394	24323	0	0
chrUn_GL456387	24685	2	0
chr15	104043685	1122763	0
chr7	145441459	2022429	0
chrUn_JH584304	114452	5823	0
chr13	120421639	1018837	0
chr2	182113224	1887832	0
chrUn_GL456372	28664	190	0
chr5_GL456354_random	195993	6	0
chr1_GL456213_random	39340	22	0
chr4_JH584294_random	191905	1963	0
chr4_JH584295_random	1976	126	0
chr12	120129022	3265651	0
chrM	16299	1142170	0
chrUn_GL456368	20208	20	0
chr1_GL456212_random	153618	630	0
chrUn_GL456392	23629	12	0
chr5_JH584299_random	953012	40	0
chr17	94987271	1479391	0
chrUn_GL456367	42057	2	0
chr10	130694993	996073	0
*	0	0	0
