chr6	149736546	2055681	0
chrUn_GL456382	23158	519	0
chr19	61431566	1046155	0
chrY	91744698	11411	0
chrY_JH584300_random	182347	20	0
chr1_GL456211_random	241735	600	0
chr5	151834684	2291912	0
chrUn_GL456378	31602	14	0
chrUn_GL456390	24668	0	0
chr4_JH584293_random	207968	1169	0
chr4_GL456216_random	66673	438	0
chr4_JH584292_random	14945	0	0
chr16	98207768	2271005	0
chrY_JH584303_random	158099	2	0
chr1_GL456221_random	206961	466	0
chrUn_GL456385	35240	8	0
chrUn_GL456360	31704	2	0
chrUn_GL456393	55711	22	0
chrUn_GL456383	38659	6	0
chr4_GL456350_random	227966	1638	0
chr5_JH584296_random	199368	82	0
chr18	90702639	808903	0
chr5_JH584298_random	184189	6	0
chrUn_GL456379	72385	34	0
chr14	124902244	1011255	0
chrX	171031299	582252	0
chr3	160039680	2176330	0
chrUn_GL456389	28772	12	0
chrUn_GL456239	40056	2	0
chrY_JH584302_random	155838	0	0
chr5_JH584297_random	205776	78	0
chr11	122082543	2243417	0
chr9	124595110	2058492	0
chrUn_GL456396	21240	4	0
chr4	156508116	1455888	0
chrX_GL456233_random	336933	1906	0
chrY_JH584301_random	259875	0	0
chr8	129401213	1235716	0
chrUn_GL456381	25871	0	0
chr7_GL456219_random	175968	12	0
chrUn_GL456366	47073	6	0
chr1_GL456210_random	169725	670	0
chrUn_GL456370	26764	134	0
chrUn_GL456359	22974	4	0
chr1	195471971	2176563	0
chrUn_GL456394	24323	0	0
chrUn_GL456387	24685	0	0
chr15	104043685	1443026	0
chr7	145441459	2265712	0
chrUn_JH584304	114452	8407	0
chr13	120421639	1180701	0
chr2	182113224	2303232	0
chrUn_GL456372	28664	124	0
chr5_GL456354_random	195993	20	0
chr1_GL456213_random	39340	24	0
chr4_JH584294_random	191905	2131	0
chr4_JH584295_random	1976	100	0
chr12	120129022	6857310	0
chrM	16299	2029551	0
chrUn_GL456368	20208	20	0
chr1_GL456212_random	153618	388	0
chrUn_GL456392	23629	32	0
chr5_JH584299_random	953012	42	0
chr17	94987271	4203960	0
chrUn_GL456367	42057	4	0
chr10	130694993	1050406	0
*	0	0	0
