## htsjdk.samtools.metrics.StringHeader
# MarkDuplicates --INPUT data/mapped_data/WT_DSS_D1_REP2_trimmed_Aligned.sortedByCoord.out.bam --OUTPUT data/mapped_data/WT_DSS_D1_REP2_trimmed_Aligned.sortedByCoord.dupMarker.out.bam --METRICS_FILE qc_reports/mapping_reads/WT_DSS_D1_REP2_trimmed_marked_dup_metrics.txt --MAX_SEQUENCES_FOR_DISK_READ_ENDS_MAP 50000 --MAX_FILE_HANDLES_FOR_READ_ENDS_MAP 8000 --SORTING_COLLECTION_SIZE_RATIO 0.25 --TAG_DUPLICATE_SET_MEMBERS false --REMOVE_SEQUENCING_DUPLICATES false --TAGGING_POLICY DontTag --CLEAR_DT true --DUPLEX_UMI false --ADD_PG_TAG_TO_READS true --REMOVE_DUPLICATES false --ASSUME_SORTED false --DUPLICATE_SCORING_STRATEGY SUM_OF_BASE_QUALITIES --PROGRAM_RECORD_ID MarkDuplicates --PROGRAM_GROUP_NAME MarkDuplicates --READ_NAME_REGEX <optimized capture of last three ':' separated fields as numeric values> --OPTICAL_DUPLICATE_PIXEL_DISTANCE 100 --MAX_OPTICAL_DUPLICATE_SET_SIZE 300000 --VERBOSITY INFO --QUIET false --VALIDATION_STRINGENCY STRICT --COMPRESSION_LEVEL 5 --MAX_RECORDS_IN_RAM 500000 --CREATE_INDEX false --CREATE_MD5_FILE false --GA4GH_CLIENT_SECRETS client_secrets.json --help false --version false --showHidden false --USE_JDK_DEFLATER false --USE_JDK_INFLATER false
## htsjdk.samtools.metrics.StringHeader
# Started on: Fri Mar 12 08:12:07 PST 2021

## METRICS CLASS	picard.sam.DuplicationMetrics
LIBRARY	UNPAIRED_READS_EXAMINED	READ_PAIRS_EXAMINED	SECONDARY_OR_SUPPLEMENTARY_RDS	UNMAPPED_READS	UNPAIRED_READ_DUPLICATES	READ_PAIR_DUPLICATES	READ_PAIR_OPTICAL_DUPLICATES	PERCENT_DUPLICATION	ESTIMATED_LIBRARY_SIZE
Unknown Library	6815	17872791	7025627	0	3529	6372510	0	0.356579	18662834

## HISTOGRAM	java.lang.Double
BIN	CoverageMult	all_sets	non_optical_sets
1.0	1	10696914	10696914
2.0	1.383787	431866	431866
3.0	1.531079	111676	111676
4.0	1.587608	57020	57020
5.0	1.609303	35944	35944
6.0	1.61763	24877	24877
7.0	1.620825	18103	18103
8.0	1.622052	14083	14083
9.0	1.622522	11169	11169
10.0	1.622703	9112	9112
11.0	1.622772	7592	7592
12.0	1.622799	6408	6408
13.0	1.622809	5441	5441
14.0	1.622813	4822	4822
15.0	1.622815	4180	4180
16.0	1.622815	3794	3794
17.0	1.622815	3197	3197
18.0	1.622815	2854	2854
19.0	1.622815	2633	2633
20.0	1.622815	2392	2392
21.0	1.622815	2140	2140
22.0	1.622815	2006	2006
23.0	1.622815	1821	1821
24.0	1.622815	1744	1744
25.0	1.622815	1518	1518
26.0	1.622815	1460	1460
27.0	1.622815	1331	1331
28.0	1.622815	1260	1260
29.0	1.622815	1203	1203
30.0	1.622815	1110	1110
31.0	1.622815	985	985
32.0	1.622815	1001	1001
33.0	1.622815	915	915
34.0	1.622815	807	807
35.0	1.622815	811	811
36.0	1.622815	796	796
37.0	1.622815	710	710
38.0	1.622815	681	681
39.0	1.622815	692	692
40.0	1.622815	591	591
41.0	1.622815	564	564
42.0	1.622815	580	580
43.0	1.622815	544	544
44.0	1.622815	513	513
45.0	1.622815	524	524
46.0	1.622815	469	469
47.0	1.622815	462	462
48.0	1.622815	444	444
49.0	1.622815	397	397
50.0	1.622815	380	380
51.0	1.622815	364	364
52.0	1.622815	364	364
53.0	1.622815	352	352
54.0	1.622815	311	311
55.0	1.622815	324	324
56.0	1.622815	335	335
57.0	1.622815	292	292
58.0	1.622815	272	272
59.0	1.622815	298	298
60.0	1.622815	281	281
61.0	1.622815	243	243
62.0	1.622815	241	241
63.0	1.622815	272	272
64.0	1.622815	228	228
65.0	1.622815	237	237
66.0	1.622815	206	206
67.0	1.622815	231	231
68.0	1.622815	211	211
69.0	1.622815	223	223
70.0	1.622815	201	201
71.0	1.622815	188	188
72.0	1.622815	189	189
73.0	1.622815	204	204
74.0	1.622815	186	186
75.0	1.622815	177	177
76.0	1.622815	164	164
77.0	1.622815	161	161
78.0	1.622815	147	147
79.0	1.622815	149	149
80.0	1.622815	162	162
81.0	1.622815	180	180
82.0	1.622815	143	143
83.0	1.622815	133	133
84.0	1.622815	142	142
85.0	1.622815	142	142
86.0	1.622815	135	135
87.0	1.622815	141	141
88.0	1.622815	106	106
89.0	1.622815	118	118
90.0	1.622815	121	121
91.0	1.622815	118	118
92.0	1.622815	119	119
93.0	1.622815	92	92
94.0	1.622815	109	109
95.0	1.622815	104	104
96.0	1.622815	109	109
97.0	1.622815	95	95
98.0	1.622815	86	86
99.0	1.622815	105	105
100.0	1.622815	93	93
101.0	0	102	102
102.0	0	72	72
103.0	0	93	93
104.0	0	95	95
105.0	0	92	92
106.0	0	83	83
107.0	0	79	79
108.0	0	75	75
109.0	0	66	66
110.0	0	82	82
111.0	0	71	71
112.0	0	78	78
113.0	0	66	66
114.0	0	84	84
115.0	0	68	68
116.0	0	78	78
117.0	0	75	75
118.0	0	73	73
119.0	0	64	64
120.0	0	55	55
121.0	0	59	59
122.0	0	66	66
123.0	0	69	69
124.0	0	66	66
125.0	0	69	69
126.0	0	50	50
127.0	0	41	41
128.0	0	56	56
129.0	0	65	65
130.0	0	53	53
131.0	0	48	48
132.0	0	58	58
133.0	0	59	59
134.0	0	52	52
135.0	0	50	50
136.0	0	44	44
137.0	0	55	55
138.0	0	38	38
139.0	0	47	47
140.0	0	50	50
141.0	0	50	50
142.0	0	46	46
143.0	0	38	38
144.0	0	52	52
145.0	0	47	47
146.0	0	38	38
147.0	0	42	42
148.0	0	36	36
149.0	0	45	45
150.0	0	43	43
151.0	0	48	48
152.0	0	31	31
153.0	0	37	37
154.0	0	33	33
155.0	0	40	40
156.0	0	35	35
157.0	0	32	32
158.0	0	38	38
159.0	0	33	33
160.0	0	41	41
161.0	0	40	40
162.0	0	44	44
163.0	0	26	26
164.0	0	30	30
165.0	0	27	27
166.0	0	26	26
167.0	0	43	43
168.0	0	36	36
169.0	0	35	35
170.0	0	34	34
171.0	0	33	33
172.0	0	39	39
173.0	0	36	36
174.0	0	22	22
175.0	0	29	29
176.0	0	29	29
177.0	0	22	22
178.0	0	27	27
179.0	0	31	31
180.0	0	28	28
181.0	0	23	23
182.0	0	23	23
183.0	0	26	26
184.0	0	20	20
185.0	0	39	39
186.0	0	27	27
187.0	0	30	30
188.0	0	24	24
189.0	0	22	22
190.0	0	25	25
191.0	0	21	21
192.0	0	28	28
193.0	0	24	24
194.0	0	24	24
195.0	0	21	21
196.0	0	25	25
197.0	0	19	19
198.0	0	21	21
199.0	0	28	28
200.0	0	26	26
201.0	0	19	19
202.0	0	20	20
203.0	0	26	26
204.0	0	25	25
205.0	0	29	29
206.0	0	17	17
207.0	0	18	18
208.0	0	26	26
209.0	0	20	20
210.0	0	21	21
211.0	0	24	24
212.0	0	18	18
213.0	0	23	23
214.0	0	20	20
215.0	0	24	24
216.0	0	23	23
217.0	0	13	13
218.0	0	23	23
219.0	0	11	11
220.0	0	18	18
221.0	0	15	15
222.0	0	13	13
223.0	0	16	16
224.0	0	18	18
225.0	0	10	10
226.0	0	22	22
227.0	0	14	14
228.0	0	17	17
229.0	0	17	17
230.0	0	14	14
231.0	0	17	17
232.0	0	18	18
233.0	0	15	15
234.0	0	23	23
235.0	0	9	9
236.0	0	19	19
237.0	0	19	19
238.0	0	21	21
239.0	0	18	18
240.0	0	15	15
241.0	0	17	17
242.0	0	13	13
243.0	0	9	9
244.0	0	12	12
245.0	0	16	16
246.0	0	10	10
247.0	0	11	11
248.0	0	15	15
249.0	0	20	20
250.0	0	10	10
251.0	0	12	12
252.0	0	10	10
253.0	0	19	19
254.0	0	19	19
255.0	0	11	11
256.0	0	13	13
257.0	0	11	11
258.0	0	11	11
259.0	0	10	10
260.0	0	10	10
261.0	0	8	8
262.0	0	15	15
263.0	0	6	6
264.0	0	9	9
265.0	0	10	10
266.0	0	14	14
267.0	0	9	9
268.0	0	11	11
269.0	0	15	15
270.0	0	16	16
271.0	0	9	9
272.0	0	9	9
273.0	0	6	6
274.0	0	16	16
275.0	0	9	9
276.0	0	13	13
277.0	0	13	13
278.0	0	10	10
279.0	0	13	13
280.0	0	8	8
281.0	0	13	13
282.0	0	14	14
283.0	0	9	9
284.0	0	9	9
285.0	0	9	9
286.0	0	8	8
287.0	0	9	9
288.0	0	12	12
289.0	0	11	11
290.0	0	7	7
291.0	0	6	6
292.0	0	13	13
293.0	0	9	9
294.0	0	4	4
295.0	0	14	14
296.0	0	12	12
297.0	0	12	12
298.0	0	12	12
299.0	0	10	10
300.0	0	7	7
301.0	0	11	11
302.0	0	10	10
303.0	0	11	11
304.0	0	7	7
305.0	0	13	13
306.0	0	8	8
307.0	0	7	7
308.0	0	11	11
309.0	0	6	6
310.0	0	9	9
311.0	0	10	10
312.0	0	13	13
313.0	0	5	5
314.0	0	7	7
315.0	0	5	5
316.0	0	5	5
317.0	0	6	6
318.0	0	7	7
319.0	0	7	7
320.0	0	17	17
321.0	0	10	10
322.0	0	10	10
323.0	0	7	7
324.0	0	14	14
325.0	0	6	6
326.0	0	6	6
327.0	0	9	9
328.0	0	5	5
329.0	0	8	8
330.0	0	7	7
331.0	0	8	8
332.0	0	3	3
333.0	0	7	7
334.0	0	7	7
335.0	0	8	8
336.0	0	2	2
337.0	0	12	12
338.0	0	8	8
339.0	0	9	9
340.0	0	12	12
341.0	0	6	6
342.0	0	4	4
343.0	0	2	2
344.0	0	4	4
345.0	0	5	5
346.0	0	6	6
347.0	0	5	5
348.0	0	12	12
349.0	0	4	4
350.0	0	2	2
351.0	0	6	6
352.0	0	8	8
353.0	0	6	6
354.0	0	9	9
355.0	0	8	8
356.0	0	8	8
357.0	0	4	4
359.0	0	8	8
360.0	0	6	6
361.0	0	8	8
362.0	0	8	8
363.0	0	7	7
364.0	0	8	8
365.0	0	7	7
366.0	0	11	11
367.0	0	2	2
368.0	0	9	9
369.0	0	3	3
370.0	0	7	7
371.0	0	11	11
372.0	0	2	2
373.0	0	4	4
374.0	0	4	4
375.0	0	4	4
376.0	0	5	5
377.0	0	5	5
378.0	0	2	2
379.0	0	8	8
380.0	0	1	1
381.0	0	3	3
382.0	0	6	6
383.0	0	6	6
384.0	0	5	5
385.0	0	6	6
386.0	0	6	6
387.0	0	6	6
388.0	0	4	4
389.0	0	5	5
390.0	0	6	6
391.0	0	7	7
392.0	0	6	6
393.0	0	7	7
394.0	0	8	8
395.0	0	6	6
396.0	0	6	6
397.0	0	9	9
398.0	0	6	6
399.0	0	5	5
400.0	0	4	4
401.0	0	4	4
402.0	0	6	6
403.0	0	3	3
404.0	0	2	2
405.0	0	4	4
406.0	0	9	9
407.0	0	7	7
408.0	0	2	2
409.0	0	10	10
410.0	0	3	3
411.0	0	3	3
412.0	0	8	8
413.0	0	4	4
414.0	0	5	5
415.0	0	5	5
416.0	0	4	4
417.0	0	5	5
418.0	0	2	2
419.0	0	7	7
420.0	0	5	5
421.0	0	8	8
422.0	0	1	1
423.0	0	6	6
424.0	0	4	4
425.0	0	7	7
426.0	0	4	4
427.0	0	3	3
428.0	0	6	6
429.0	0	2	2
430.0	0	8	8
431.0	0	5	5
432.0	0	4	4
433.0	0	3	3
434.0	0	8	8
435.0	0	1	1
436.0	0	3	3
437.0	0	5	5
438.0	0	3	3
439.0	0	4	4
440.0	0	2	2
441.0	0	7	7
442.0	0	2	2
443.0	0	2	2
444.0	0	3	3
445.0	0	3	3
446.0	0	1	1
447.0	0	2	2
448.0	0	3	3
449.0	0	7	7
450.0	0	4	4
451.0	0	1	1
452.0	0	4	4
453.0	0	6	6
454.0	0	4	4
455.0	0	3	3
457.0	0	5	5
458.0	0	7	7
459.0	0	2	2
460.0	0	3	3
461.0	0	3	3
462.0	0	2	2
463.0	0	2	2
464.0	0	3	3
466.0	0	4	4
467.0	0	8	8
468.0	0	4	4
470.0	0	4	4
471.0	0	8	8
472.0	0	5	5
473.0	0	4	4
474.0	0	6	6
475.0	0	5	5
476.0	0	5	5
477.0	0	3	3
478.0	0	3	3
479.0	0	1	1
480.0	0	5	5
481.0	0	4	4
482.0	0	2	2
483.0	0	1	1
484.0	0	3	3
485.0	0	1	1
486.0	0	2	2
487.0	0	6	6
488.0	0	2	2
489.0	0	5	5
490.0	0	2	2
491.0	0	2	2
492.0	0	3	3
493.0	0	2	2
494.0	0	2	2
496.0	0	5	5
497.0	0	2	2
498.0	0	2	2
499.0	0	5	5
500.0	0	8	8
501.0	0	3	3
502.0	0	6	6
503.0	0	6	6
505.0	0	3	3
506.0	0	1	1
507.0	0	1	1
508.0	0	3	3
509.0	0	5	5
510.0	0	3	3
511.0	0	2	2
512.0	0	4	4
513.0	0	3	3
514.0	0	2	2
515.0	0	4	4
516.0	0	1	1
517.0	0	1	1
518.0	0	4	4
519.0	0	4	4
520.0	0	1	1
521.0	0	1	1
523.0	0	2	2
524.0	0	4	4
525.0	0	2	2
526.0	0	3	3
527.0	0	2	2
528.0	0	3	3
529.0	0	4	4
530.0	0	3	3
531.0	0	2	2
532.0	0	1	1
533.0	0	1	1
534.0	0	2	2
535.0	0	4	4
537.0	0	1	1
539.0	0	4	4
540.0	0	4	4
541.0	0	4	4
542.0	0	5	5
543.0	0	4	4
544.0	0	2	2
545.0	0	4	4
546.0	0	2	2
547.0	0	4	4
548.0	0	2	2
549.0	0	1	1
550.0	0	3	3
551.0	0	1	1
552.0	0	2	2
554.0	0	1	1
556.0	0	2	2
557.0	0	2	2
558.0	0	1	1
559.0	0	2	2
560.0	0	1	1
561.0	0	3	3
562.0	0	2	2
563.0	0	1	1
564.0	0	4	4
565.0	0	5	5
566.0	0	3	3
567.0	0	2	2
568.0	0	3	3
569.0	0	4	4
570.0	0	3	3
571.0	0	3	3
572.0	0	2	2
573.0	0	3	3
574.0	0	4	4
575.0	0	1	1
576.0	0	2	2
578.0	0	1	1
579.0	0	2	2
580.0	0	3	3
581.0	0	1	1
582.0	0	4	4
583.0	0	2	2
585.0	0	2	2
586.0	0	3	3
587.0	0	5	5
589.0	0	2	2
590.0	0	1	1
591.0	0	1	1
592.0	0	2	2
593.0	0	1	1
594.0	0	1	1
595.0	0	2	2
596.0	0	3	3
597.0	0	1	1
598.0	0	2	2
600.0	0	3	3
601.0	0	2	2
602.0	0	4	4
603.0	0	1	1
604.0	0	1	1
605.0	0	4	4
606.0	0	3	3
607.0	0	1	1
609.0	0	3	3
610.0	0	1	1
612.0	0	3	3
613.0	0	2	2
614.0	0	2	2
615.0	0	3	3
617.0	0	2	2
619.0	0	3	3
620.0	0	1	1
621.0	0	5	5
622.0	0	2	2
624.0	0	3	3
625.0	0	1	1
626.0	0	4	4
627.0	0	1	1
628.0	0	2	2
629.0	0	1	1
631.0	0	1	1
632.0	0	3	3
634.0	0	4	4
635.0	0	3	3
636.0	0	4	4
637.0	0	2	2
638.0	0	2	2
639.0	0	3	3
641.0	0	2	2
642.0	0	3	3
643.0	0	4	4
644.0	0	2	2
647.0	0	4	4
648.0	0	3	3
649.0	0	4	4
650.0	0	4	4
652.0	0	3	3
653.0	0	3	3
654.0	0	1	1
655.0	0	2	2
657.0	0	1	1
659.0	0	2	2
660.0	0	3	3
661.0	0	2	2
663.0	0	1	1
664.0	0	1	1
665.0	0	1	1
666.0	0	2	2
667.0	0	1	1
668.0	0	3	3
670.0	0	3	3
671.0	0	2	2
672.0	0	1	1
673.0	0	3	3
674.0	0	2	2
676.0	0	1	1
677.0	0	1	1
678.0	0	1	1
679.0	0	1	1
680.0	0	1	1
682.0	0	2	2
684.0	0	1	1
685.0	0	3	3
686.0	0	1	1
687.0	0	2	2
688.0	0	3	3
689.0	0	3	3
690.0	0	1	1
691.0	0	1	1
692.0	0	2	2
694.0	0	4	4
695.0	0	1	1
698.0	0	1	1
699.0	0	1	1
700.0	0	1	1
702.0	0	1	1
703.0	0	2	2
704.0	0	2	2
705.0	0	2	2
706.0	0	1	1
707.0	0	2	2
709.0	0	1	1
710.0	0	1	1
712.0	0	3	3
713.0	0	3	3
714.0	0	1	1
715.0	0	1	1
716.0	0	2	2
717.0	0	3	3
718.0	0	1	1
719.0	0	2	2
720.0	0	2	2
721.0	0	2	2
722.0	0	1	1
723.0	0	1	1
724.0	0	1	1
725.0	0	1	1
726.0	0	1	1
727.0	0	2	2
730.0	0	2	2
732.0	0	3	3
733.0	0	2	2
734.0	0	1	1
736.0	0	1	1
737.0	0	1	1
739.0	0	1	1
742.0	0	2	2
743.0	0	2	2
744.0	0	2	2
746.0	0	1	1
747.0	0	1	1
748.0	0	2	2
750.0	0	1	1
752.0	0	2	2
753.0	0	1	1
754.0	0	3	3
755.0	0	1	1
757.0	0	1	1
758.0	0	2	2
760.0	0	4	4
762.0	0	1	1
763.0	0	1	1
764.0	0	4	4
765.0	0	2	2
766.0	0	3	3
767.0	0	2	2
768.0	0	1	1
769.0	0	3	3
770.0	0	3	3
771.0	0	1	1
772.0	0	1	1
773.0	0	1	1
775.0	0	1	1
776.0	0	1	1
777.0	0	3	3
778.0	0	2	2
779.0	0	1	1
780.0	0	1	1
781.0	0	2	2
783.0	0	1	1
784.0	0	1	1
785.0	0	2	2
787.0	0	2	2
789.0	0	1	1
791.0	0	3	3
792.0	0	1	1
794.0	0	1	1
797.0	0	1	1
801.0	0	1	1
803.0	0	1	1
805.0	0	1	1
806.0	0	1	1
807.0	0	1	1
811.0	0	5	5
813.0	0	1	1
815.0	0	2	2
818.0	0	1	1
820.0	0	2	2
821.0	0	2	2
822.0	0	1	1
823.0	0	2	2
825.0	0	1	1
827.0	0	2	2
828.0	0	1	1
832.0	0	3	3
833.0	0	1	1
834.0	0	3	3
836.0	0	1	1
841.0	0	1	1
842.0	0	1	1
846.0	0	1	1
847.0	0	1	1
848.0	0	1	1
849.0	0	1	1
850.0	0	4	4
853.0	0	2	2
856.0	0	1	1
859.0	0	3	3
861.0	0	1	1
862.0	0	1	1
864.0	0	2	2
866.0	0	2	2
867.0	0	1	1
868.0	0	2	2
871.0	0	1	1
872.0	0	1	1
875.0	0	3	3
876.0	0	4	4
880.0	0	2	2
881.0	0	1	1
886.0	0	1	1
887.0	0	1	1
888.0	0	1	1
889.0	0	1	1
890.0	0	1	1
892.0	0	1	1
894.0	0	1	1
895.0	0	1	1
896.0	0	1	1
900.0	0	1	1
901.0	0	1	1
902.0	0	1	1
904.0	0	2	2
907.0	0	1	1
909.0	0	3	3
913.0	0	2	2
915.0	0	3	3
917.0	0	1	1
918.0	0	2	2
923.0	0	1	1
924.0	0	2	2
927.0	0	4	4
928.0	0	2	2
930.0	0	1	1
932.0	0	1	1
934.0	0	1	1
935.0	0	2	2
936.0	0	2	2
938.0	0	1	1
939.0	0	1	1
942.0	0	1	1
944.0	0	3	3
951.0	0	1	1
952.0	0	1	1
953.0	0	1	1
957.0	0	1	1
961.0	0	1	1
962.0	0	2	2
963.0	0	1	1
965.0	0	1	1
966.0	0	1	1
968.0	0	1	1
975.0	0	1	1
977.0	0	1	1
978.0	0	1	1
983.0	0	1	1
990.0	0	1	1
994.0	0	1	1
995.0	0	1	1
996.0	0	3	3
998.0	0	1	1
1000.0	0	4	4
1005.0	0	1	1
1007.0	0	2	2
1009.0	0	1	1
1010.0	0	1	1
1011.0	0	1	1
1012.0	0	1	1
1017.0	0	2	2
1018.0	0	4	4
1020.0	0	1	1
1021.0	0	2	2
1025.0	0	1	1
1033.0	0	1	1
1034.0	0	1	1
1037.0	0	1	1
1038.0	0	3	3
1042.0	0	1	1
1045.0	0	1	1
1046.0	0	1	1
1051.0	0	1	1
1052.0	0	1	1
1054.0	0	2	2
1055.0	0	1	1
1057.0	0	1	1
1058.0	0	1	1
1059.0	0	1	1
1060.0	0	1	1
1061.0	0	1	1
1063.0	0	1	1
1065.0	0	1	1
1072.0	0	1	1
1074.0	0	2	2
1075.0	0	1	1
1077.0	0	2	2
1081.0	0	1	1
1084.0	0	1	1
1088.0	0	1	1
1089.0	0	1	1
1090.0	0	1	1
1091.0	0	1	1
1092.0	0	1	1
1093.0	0	1	1
1095.0	0	2	2
1109.0	0	1	1
1112.0	0	1	1
1118.0	0	2	2
1119.0	0	1	1
1120.0	0	3	3
1123.0	0	1	1
1124.0	0	1	1
1131.0	0	1	1
1134.0	0	1	1
1137.0	0	1	1
1138.0	0	1	1
1143.0	0	1	1
1147.0	0	1	1
1151.0	0	1	1
1152.0	0	1	1
1153.0	0	1	1
1156.0	0	1	1
1158.0	0	1	1
1164.0	0	1	1
1171.0	0	1	1
1173.0	0	1	1
1175.0	0	1	1
1179.0	0	1	1
1180.0	0	2	2
1181.0	0	1	1
1188.0	0	1	1
1191.0	0	1	1
1194.0	0	1	1
1195.0	0	1	1
1197.0	0	1	1
1200.0	0	1	1
1204.0	0	1	1
1205.0	0	1	1
1209.0	0	2	2
1212.0	0	1	1
1215.0	0	1	1
1218.0	0	2	2
1222.0	0	1	1
1229.0	0	1	1
1233.0	0	2	2
1236.0	0	1	1
1237.0	0	1	1
1241.0	0	1	1
1249.0	0	1	1
1258.0	0	1	1
1263.0	0	1	1
1264.0	0	1	1
1268.0	0	1	1
1273.0	0	1	1
1274.0	0	1	1
1275.0	0	2	2
1277.0	0	1	1
1282.0	0	2	2
1286.0	0	1	1
1287.0	0	1	1
1288.0	0	1	1
1290.0	0	1	1
1292.0	0	2	2
1295.0	0	1	1
1297.0	0	1	1
1306.0	0	1	1
1308.0	0	1	1
1310.0	0	1	1
1311.0	0	1	1
1312.0	0	1	1
1315.0	0	1	1
1326.0	0	1	1
1327.0	0	1	1
1331.0	0	1	1
1332.0	0	1	1
1333.0	0	1	1
1334.0	0	1	1
1336.0	0	1	1
1340.0	0	1	1
1341.0	0	1	1
1342.0	0	1	1
1346.0	0	1	1
1351.0	0	1	1
1357.0	0	1	1
1362.0	0	1	1
1365.0	0	1	1
1368.0	0	1	1
1372.0	0	1	1
1376.0	0	1	1
1377.0	0	1	1
1380.0	0	1	1
1393.0	0	1	1
1404.0	0	1	1
1406.0	0	1	1
1411.0	0	1	1
1414.0	0	1	1
1415.0	0	2	2
1426.0	0	1	1
1439.0	0	1	1
1442.0	0	1	1
1443.0	0	1	1
1453.0	0	1	1
1456.0	0	1	1
1457.0	0	1	1
1460.0	0	1	1
1461.0	0	1	1
1462.0	0	1	1
1463.0	0	2	2
1471.0	0	1	1
1473.0	0	1	1
1490.0	0	1	1
1496.0	0	1	1
1507.0	0	1	1
1517.0	0	1	1
1522.0	0	1	1
1526.0	0	1	1
1528.0	0	1	1
1531.0	0	1	1
1534.0	0	1	1
1541.0	0	1	1
1548.0	0	1	1
1556.0	0	2	2
1557.0	0	2	2
1558.0	0	1	1
1559.0	0	1	1
1570.0	0	1	1
1575.0	0	1	1
1579.0	0	1	1
1582.0	0	1	1
1584.0	0	1	1
1586.0	0	1	1
1588.0	0	1	1
1610.0	0	1	1
1615.0	0	1	1
1618.0	0	1	1
1619.0	0	1	1
1621.0	0	1	1
1622.0	0	1	1
1628.0	0	1	1
1640.0	0	2	2
1646.0	0	1	1
1655.0	0	1	1
1657.0	0	1	1
1660.0	0	1	1
1672.0	0	1	1
1674.0	0	1	1
1694.0	0	2	2
1697.0	0	1	1
1715.0	0	1	1
1720.0	0	1	1
1722.0	0	1	1
1726.0	0	1	1
1742.0	0	1	1
1743.0	0	1	1
1744.0	0	1	1
1751.0	0	1	1
1752.0	0	1	1
1773.0	0	1	1
1774.0	0	2	2
1777.0	0	1	1
1791.0	0	1	1
1809.0	0	1	1
1831.0	0	2	2
1839.0	0	1	1
1845.0	0	1	1
1876.0	0	1	1
1878.0	0	1	1
1884.0	0	1	1
1885.0	0	1	1
1893.0	0	1	1
1896.0	0	1	1
1900.0	0	1	1
1915.0	0	1	1
1923.0	0	1	1
1926.0	0	1	1
1927.0	0	2	2
1949.0	0	2	2
1968.0	0	1	1
1986.0	0	1	1
1987.0	0	1	1
1989.0	0	1	1
1993.0	0	1	1
2005.0	0	1	1
2010.0	0	1	1
2019.0	0	1	1
2025.0	0	1	1
2038.0	0	1	1
2042.0	0	2	2
2046.0	0	1	1
2051.0	0	1	1
2061.0	0	1	1
2065.0	0	1	1
2069.0	0	1	1
2072.0	0	1	1
2074.0	0	1	1
2103.0	0	1	1
2107.0	0	1	1
2116.0	0	1	1
2121.0	0	1	1
2122.0	0	1	1
2137.0	0	1	1
2147.0	0	1	1
2175.0	0	1	1
2183.0	0	1	1
2189.0	0	1	1
2190.0	0	1	1
2192.0	0	1	1
2201.0	0	1	1
2212.0	0	1	1
2216.0	0	1	1
2238.0	0	1	1
2240.0	0	1	1
2252.0	0	1	1
2257.0	0	1	1
2259.0	0	1	1
2273.0	0	1	1
2276.0	0	1	1
2302.0	0	1	1
2307.0	0	1	1
2317.0	0	1	1
2334.0	0	1	1
2338.0	0	1	1
2349.0	0	1	1
2366.0	0	1	1
2370.0	0	1	1
2371.0	0	1	1
2387.0	0	1	1
2403.0	0	1	1
2414.0	0	1	1
2423.0	0	1	1
2428.0	0	1	1
2430.0	0	1	1
2432.0	0	1	1
2438.0	0	1	1
2472.0	0	1	1
2486.0	0	1	1
2505.0	0	1	1
2508.0	0	1	1
2531.0	0	1	1
2570.0	0	1	1
2582.0	0	1	1
2587.0	0	1	1
2588.0	0	1	1
2636.0	0	1	1
2638.0	0	1	1
2651.0	0	1	1
2662.0	0	1	1
2706.0	0	2	2
2722.0	0	2	2
2752.0	0	1	1
2757.0	0	1	1
2766.0	0	1	1
2783.0	0	1	1
2810.0	0	1	1
2822.0	0	1	1
2858.0	0	1	1
2900.0	0	1	1
2946.0	0	1	1
2948.0	0	1	1
2974.0	0	1	1
3013.0	0	1	1
3014.0	0	1	1
3030.0	0	1	1
3042.0	0	1	1
3086.0	0	1	1
3087.0	0	1	1
3105.0	0	1	1
3115.0	0	1	1
3200.0	0	1	1
3201.0	0	1	1
3210.0	0	1	1
3231.0	0	1	1
3250.0	0	1	1
3303.0	0	1	1
3327.0	0	1	1
3347.0	0	1	1
3409.0	0	1	1
3411.0	0	1	1
3502.0	0	1	1
3651.0	0	1	1
3678.0	0	1	1
3739.0	0	1	1
3768.0	0	1	1
3855.0	0	1	1
3896.0	0	1	1
3975.0	0	1	1
4115.0	0	1	1
4218.0	0	1	1
4382.0	0	1	1
4686.0	0	1	1
4729.0	0	1	1
4805.0	0	1	1
4921.0	0	1	1
5250.0	0	1	1
5674.0	0	1	1
5710.0	0	1	1
6141.0	0	1	1
6179.0	0	1	1
6436.0	0	1	1
6440.0	0	1	1
6461.0	0	1	1
6568.0	0	1	1
6668.0	0	1	1
7012.0	0	1	1
7778.0	0	1	1
7780.0	0	1	1
7949.0	0	1	1
8406.0	0	1	1
8787.0	0	1	1
8896.0	0	1	1
9285.0	0	1	1
9855.0	0	1	1
9939.0	0	1	1
10144.0	0	1	1
10763.0	0	1	1
10976.0	0	1	1
11278.0	0	1	1
12295.0	0	1	1
13068.0	0	1	1
14258.0	0	1	1
14567.0	0	1	1
15173.0	0	1	1
20883.0	0	1	1
22699.0	0	1	1

