chr6	149736546	1830819	0
chrUn_GL456382	23158	660	0
chr19	61431566	1084150	0
chrY	91744698	16923	0
chrY_JH584300_random	182347	6	0
chr1_GL456211_random	241735	530	0
chr5	151834684	2471292	0
chrUn_GL456378	31602	12	0
chrUn_GL456390	24668	0	0
chr4_JH584293_random	207968	859	0
chr4_GL456216_random	66673	416	0
chr4_JH584292_random	14945	2	0
chr16	98207768	2697027	0
chrY_JH584303_random	158099	0	0
chr1_GL456221_random	206961	456	0
chrUn_GL456385	35240	0	0
chrUn_GL456360	31704	0	0
chrUn_GL456393	55711	38	0
chrUn_GL456383	38659	0	0
chr4_GL456350_random	227966	1267	0
chr5_JH584296_random	199368	64	0
chr18	90702639	830066	0
chr5_JH584298_random	184189	10	0
chrUn_GL456379	72385	68	0
chr14	124902244	985472	0
chrX	171031299	601411	0
chr3	160039680	1852532	0
chrUn_GL456389	28772	0	0
chrUn_GL456239	40056	2	0
chrY_JH584302_random	155838	0	0
chr5_JH584297_random	205776	60	0
chr11	122082543	2205009	0
chr9	124595110	1923300	0
chrUn_GL456396	21240	2	0
chr4	156508116	1386016	0
chrX_GL456233_random	336933	1961	0
chrY_JH584301_random	259875	0	0
chr8	129401213	1222338	0
chrUn_GL456381	25871	0	0
chr7_GL456219_random	175968	4	0
chrUn_GL456366	47073	6	0
chr1_GL456210_random	169725	652	0
chrUn_GL456370	26764	120	0
chrUn_GL456359	22974	12	0
chr1	195471971	2042451	0
chrUn_GL456394	24323	0	0
chrUn_GL456387	24685	0	0
chr15	104043685	1253836	0
chr7	145441459	2078497	0
chrUn_JH584304	114452	6834	0
chr13	120421639	1176967	0
chr2	182113224	2293732	0
chrUn_GL456372	28664	108	0
chr5_GL456354_random	195993	6	0
chr1_GL456213_random	39340	36	0
chr4_JH584294_random	191905	1609	0
chr4_JH584295_random	1976	144	0
chr12	120129022	3574036	0
chrM	16299	1757953	0
chrUn_GL456368	20208	16	0
chr1_GL456212_random	153618	310	0
chrUn_GL456392	23629	8	0
chr5_JH584299_random	953012	42	0
chr17	94987271	2955104	0
chrUn_GL456367	42057	6	0
chr10	130694993	1039628	0
*	0	0	0
