chr6	149736546	1352756	0
chrUn_GL456382	23158	852	0
chr19	61431566	944143	0
chrY	91744698	13855	0
chrY_JH584300_random	182347	50	0
chr1_GL456211_random	241735	912	0
chr5	151834684	1773430	0
chrUn_GL456378	31602	10	0
chrUn_GL456390	24668	2	0
chr4_JH584293_random	207968	970	0
chr4_GL456216_random	66673	398	0
chr4_JH584292_random	14945	0	0
chr16	98207768	1004244	0
chrY_JH584303_random	158099	6	0
chr1_GL456221_random	206961	744	0
chrUn_GL456385	35240	0	0
chrUn_GL456360	31704	0	0
chrUn_GL456393	55711	32	0
chrUn_GL456383	38659	2	0
chr4_GL456350_random	227966	1518	0
chr5_JH584296_random	199368	206	0
chr18	90702639	603479	0
chr5_JH584298_random	184189	14	0
chrUn_GL456379	72385	78	0
chr14	124902244	869105	0
chrX	171031299	562441	0
chr3	160039680	1477185	0
chrUn_GL456389	28772	8	0
chrUn_GL456239	40056	4	0
chrY_JH584302_random	155838	0	0
chr5_JH584297_random	205776	206	0
chr11	122082543	1744544	0
chr9	124595110	1556610	0
chrUn_GL456396	21240	12	0
chr4	156508116	1335233	0
chrX_GL456233_random	336933	2023	0
chrY_JH584301_random	259875	0	0
chr8	129401213	917411	0
chrUn_GL456381	25871	0	0
chr7_GL456219_random	175968	8	0
chrUn_GL456366	47073	6	0
chr1_GL456210_random	169725	1019	0
chrUn_GL456370	26764	44	0
chrUn_GL456359	22974	10	0
chr1	195471971	1879863	0
chrUn_GL456394	24323	0	0
chrUn_GL456387	24685	2	0
chr15	104043685	1061017	0
chr7	145441459	2095224	0
chrUn_JH584304	114452	7580	0
chr13	120421639	910342	0
chr2	182113224	1693748	0
chrUn_GL456372	28664	196	0
chr5_GL456354_random	195993	22	0
chr1_GL456213_random	39340	30	0
chr4_JH584294_random	191905	1480	0
chr4_JH584295_random	1976	98	0
chr12	120129022	4767337	0
chrM	16299	1369815	0
chrUn_GL456368	20208	22	0
chr1_GL456212_random	153618	498	0
chrUn_GL456392	23629	38	0
chr5_JH584299_random	953012	52	0
chr17	94987271	1040269	0
chrUn_GL456367	42057	10	0
chr10	130694993	938560	0
*	0	0	0
