## htsjdk.samtools.metrics.StringHeader
# MarkDuplicates --INPUT data/mapped_data/WT_DSS_D1_REP1_trimmed_Aligned.sortedByCoord.out.bam --OUTPUT data/mapped_data/WT_DSS_D1_REP1_trimmed_Aligned.sortedByCoord.dupMarker.out.bam --METRICS_FILE qc_reports/mapping_reads/WT_DSS_D1_REP1_trimmed_marked_dup_metrics.txt --MAX_SEQUENCES_FOR_DISK_READ_ENDS_MAP 50000 --MAX_FILE_HANDLES_FOR_READ_ENDS_MAP 8000 --SORTING_COLLECTION_SIZE_RATIO 0.25 --TAG_DUPLICATE_SET_MEMBERS false --REMOVE_SEQUENCING_DUPLICATES false --TAGGING_POLICY DontTag --CLEAR_DT true --DUPLEX_UMI false --ADD_PG_TAG_TO_READS true --REMOVE_DUPLICATES false --ASSUME_SORTED false --DUPLICATE_SCORING_STRATEGY SUM_OF_BASE_QUALITIES --PROGRAM_RECORD_ID MarkDuplicates --PROGRAM_GROUP_NAME MarkDuplicates --READ_NAME_REGEX <optimized capture of last three ':' separated fields as numeric values> --OPTICAL_DUPLICATE_PIXEL_DISTANCE 100 --MAX_OPTICAL_DUPLICATE_SET_SIZE 300000 --VERBOSITY INFO --QUIET false --VALIDATION_STRINGENCY STRICT --COMPRESSION_LEVEL 5 --MAX_RECORDS_IN_RAM 500000 --CREATE_INDEX false --CREATE_MD5_FILE false --GA4GH_CLIENT_SECRETS client_secrets.json --help false --version false --showHidden false --USE_JDK_DEFLATER false --USE_JDK_INFLATER false
## htsjdk.samtools.metrics.StringHeader
# Started on: Fri Mar 12 09:12:42 PST 2021

## METRICS CLASS	picard.sam.DuplicationMetrics
LIBRARY	UNPAIRED_READS_EXAMINED	READ_PAIRS_EXAMINED	SECONDARY_OR_SUPPLEMENTARY_RDS	UNMAPPED_READS	UNPAIRED_READ_DUPLICATES	READ_PAIR_DUPLICATES	READ_PAIR_OPTICAL_DUPLICATES	PERCENT_DUPLICATION	ESTIMATED_LIBRARY_SIZE
Unknown Library	7341	15986052	5315440	0	4028	5106721	0	0.319501	19347060

## HISTOGRAM	java.lang.Double
BIN	CoverageMult	all_sets	non_optical_sets
1.0	1	10105242	10105242
2.0	1.437675	429859	429859
3.0	1.629235	109894	109894
4.0	1.713076	54160	54160
5.0	1.749771	33518	33518
6.0	1.765831	22869	22869
7.0	1.772861	16488	16488
8.0	1.775937	12681	12681
9.0	1.777284	10060	10060
10.0	1.777873	8126	8126
11.0	1.778131	6765	6765
12.0	1.778244	5591	5591
13.0	1.778293	4818	4818
14.0	1.778315	4287	4287
15.0	1.778324	3640	3640
16.0	1.778329	3202	3202
17.0	1.77833	2829	2829
18.0	1.778331	2590	2590
19.0	1.778332	2284	2284
20.0	1.778332	2089	2089
21.0	1.778332	1913	1913
22.0	1.778332	1677	1677
23.0	1.778332	1578	1578
24.0	1.778332	1489	1489
25.0	1.778332	1277	1277
26.0	1.778332	1181	1181
27.0	1.778332	1107	1107
28.0	1.778332	1036	1036
29.0	1.778332	977	977
30.0	1.778332	942	942
31.0	1.778332	880	880
32.0	1.778332	815	815
33.0	1.778332	763	763
34.0	1.778332	674	674
35.0	1.778332	684	684
36.0	1.778332	677	677
37.0	1.778332	610	610
38.0	1.778332	573	573
39.0	1.778332	548	548
40.0	1.778332	509	509
41.0	1.778332	484	484
42.0	1.778332	441	441
43.0	1.778332	463	463
44.0	1.778332	457	457
45.0	1.778332	404	404
46.0	1.778332	389	389
47.0	1.778332	397	397
48.0	1.778332	345	345
49.0	1.778332	341	341
50.0	1.778332	355	355
51.0	1.778332	318	318
52.0	1.778332	303	303
53.0	1.778332	268	268
54.0	1.778332	299	299
55.0	1.778332	282	282
56.0	1.778332	252	252
57.0	1.778332	225	225
58.0	1.778332	240	240
59.0	1.778332	260	260
60.0	1.778332	246	246
61.0	1.778332	249	249
62.0	1.778332	207	207
63.0	1.778332	202	202
64.0	1.778332	206	206
65.0	1.778332	194	194
66.0	1.778332	186	186
67.0	1.778332	179	179
68.0	1.778332	189	189
69.0	1.778332	177	177
70.0	1.778332	162	162
71.0	1.778332	143	143
72.0	1.778332	173	173
73.0	1.778332	134	134
74.0	1.778332	179	179
75.0	1.778332	154	154
76.0	1.778332	153	153
77.0	1.778332	130	130
78.0	1.778332	140	140
79.0	1.778332	111	111
80.0	1.778332	114	114
81.0	1.778332	144	144
82.0	1.778332	110	110
83.0	1.778332	117	117
84.0	1.778332	116	116
85.0	1.778332	109	109
86.0	1.778332	105	105
87.0	1.778332	116	116
88.0	1.778332	93	93
89.0	1.778332	110	110
90.0	1.778332	93	93
91.0	1.778332	81	81
92.0	1.778332	98	98
93.0	1.778332	91	91
94.0	1.778332	105	105
95.0	1.778332	98	98
96.0	1.778332	90	90
97.0	1.778332	82	82
98.0	1.778332	73	73
99.0	1.778332	87	87
100.0	1.778332	60	60
101.0	0	66	66
102.0	0	61	61
103.0	0	85	85
104.0	0	80	80
105.0	0	74	74
106.0	0	76	76
107.0	0	69	69
108.0	0	80	80
109.0	0	68	68
110.0	0	70	70
111.0	0	63	63
112.0	0	55	55
113.0	0	62	62
114.0	0	48	48
115.0	0	51	51
116.0	0	53	53
117.0	0	66	66
118.0	0	66	66
119.0	0	59	59
120.0	0	46	46
121.0	0	50	50
122.0	0	59	59
123.0	0	44	44
124.0	0	41	41
125.0	0	56	56
126.0	0	49	49
127.0	0	36	36
128.0	0	58	58
129.0	0	46	46
130.0	0	40	40
131.0	0	44	44
132.0	0	55	55
133.0	0	46	46
134.0	0	35	35
135.0	0	53	53
136.0	0	46	46
137.0	0	32	32
138.0	0	36	36
139.0	0	34	34
140.0	0	45	45
141.0	0	27	27
142.0	0	34	34
143.0	0	28	28
144.0	0	32	32
145.0	0	30	30
146.0	0	40	40
147.0	0	36	36
148.0	0	30	30
149.0	0	30	30
150.0	0	36	36
151.0	0	32	32
152.0	0	32	32
153.0	0	38	38
154.0	0	37	37
155.0	0	39	39
156.0	0	29	29
157.0	0	25	25
158.0	0	22	22
159.0	0	23	23
160.0	0	24	24
161.0	0	26	26
162.0	0	27	27
163.0	0	24	24
164.0	0	31	31
165.0	0	25	25
166.0	0	25	25
167.0	0	26	26
168.0	0	24	24
169.0	0	28	28
170.0	0	24	24
171.0	0	27	27
172.0	0	16	16
173.0	0	32	32
174.0	0	25	25
175.0	0	24	24
176.0	0	23	23
177.0	0	17	17
178.0	0	23	23
179.0	0	38	38
180.0	0	23	23
181.0	0	19	19
182.0	0	27	27
183.0	0	15	15
184.0	0	29	29
185.0	0	20	20
186.0	0	30	30
187.0	0	22	22
188.0	0	15	15
189.0	0	22	22
190.0	0	16	16
191.0	0	16	16
192.0	0	15	15
193.0	0	17	17
194.0	0	11	11
195.0	0	14	14
196.0	0	12	12
197.0	0	10	10
198.0	0	26	26
199.0	0	18	18
200.0	0	20	20
201.0	0	17	17
202.0	0	18	18
203.0	0	17	17
204.0	0	23	23
205.0	0	17	17
206.0	0	10	10
207.0	0	17	17
208.0	0	12	12
209.0	0	22	22
210.0	0	21	21
211.0	0	13	13
212.0	0	15	15
213.0	0	13	13
214.0	0	15	15
215.0	0	20	20
216.0	0	16	16
217.0	0	17	17
218.0	0	14	14
219.0	0	24	24
220.0	0	10	10
221.0	0	20	20
222.0	0	13	13
223.0	0	15	15
224.0	0	15	15
225.0	0	21	21
226.0	0	14	14
227.0	0	8	8
228.0	0	9	9
229.0	0	19	19
230.0	0	10	10
231.0	0	10	10
232.0	0	7	7
233.0	0	20	20
234.0	0	15	15
235.0	0	12	12
236.0	0	13	13
237.0	0	12	12
238.0	0	11	11
239.0	0	14	14
240.0	0	10	10
241.0	0	12	12
242.0	0	7	7
243.0	0	16	16
244.0	0	7	7
245.0	0	9	9
246.0	0	8	8
247.0	0	15	15
248.0	0	12	12
249.0	0	13	13
250.0	0	12	12
251.0	0	9	9
252.0	0	6	6
253.0	0	10	10
254.0	0	17	17
255.0	0	11	11
256.0	0	11	11
257.0	0	12	12
258.0	0	16	16
259.0	0	5	5
260.0	0	9	9
261.0	0	9	9
262.0	0	8	8
263.0	0	7	7
264.0	0	6	6
265.0	0	14	14
266.0	0	9	9
267.0	0	10	10
268.0	0	10	10
269.0	0	15	15
270.0	0	15	15
271.0	0	12	12
272.0	0	15	15
273.0	0	8	8
274.0	0	7	7
275.0	0	4	4
276.0	0	7	7
277.0	0	12	12
278.0	0	11	11
279.0	0	7	7
280.0	0	5	5
281.0	0	5	5
282.0	0	6	6
283.0	0	4	4
284.0	0	9	9
285.0	0	9	9
286.0	0	10	10
287.0	0	5	5
288.0	0	6	6
289.0	0	9	9
290.0	0	7	7
291.0	0	9	9
292.0	0	3	3
293.0	0	3	3
294.0	0	12	12
295.0	0	14	14
296.0	0	11	11
297.0	0	7	7
298.0	0	7	7
299.0	0	11	11
300.0	0	8	8
301.0	0	6	6
302.0	0	4	4
303.0	0	6	6
304.0	0	9	9
305.0	0	7	7
306.0	0	9	9
307.0	0	5	5
308.0	0	13	13
309.0	0	4	4
310.0	0	8	8
311.0	0	7	7
312.0	0	3	3
313.0	0	5	5
314.0	0	8	8
315.0	0	6	6
316.0	0	4	4
317.0	0	5	5
318.0	0	8	8
319.0	0	3	3
320.0	0	6	6
321.0	0	9	9
322.0	0	9	9
323.0	0	6	6
324.0	0	2	2
325.0	0	5	5
326.0	0	3	3
327.0	0	9	9
328.0	0	7	7
329.0	0	5	5
330.0	0	7	7
331.0	0	4	4
332.0	0	8	8
333.0	0	4	4
334.0	0	1	1
335.0	0	8	8
336.0	0	7	7
337.0	0	5	5
338.0	0	3	3
339.0	0	6	6
340.0	0	7	7
341.0	0	11	11
342.0	0	5	5
343.0	0	4	4
344.0	0	1	1
345.0	0	11	11
346.0	0	3	3
347.0	0	3	3
348.0	0	6	6
349.0	0	4	4
350.0	0	8	8
351.0	0	6	6
352.0	0	4	4
353.0	0	6	6
354.0	0	6	6
355.0	0	4	4
356.0	0	5	5
358.0	0	6	6
359.0	0	5	5
360.0	0	4	4
361.0	0	2	2
362.0	0	5	5
363.0	0	6	6
364.0	0	3	3
365.0	0	4	4
366.0	0	2	2
367.0	0	2	2
368.0	0	7	7
369.0	0	4	4
370.0	0	7	7
371.0	0	5	5
372.0	0	3	3
373.0	0	4	4
374.0	0	4	4
375.0	0	2	2
376.0	0	2	2
377.0	0	2	2
378.0	0	4	4
379.0	0	5	5
380.0	0	3	3
381.0	0	6	6
382.0	0	2	2
383.0	0	2	2
384.0	0	2	2
385.0	0	3	3
386.0	0	9	9
387.0	0	2	2
388.0	0	4	4
389.0	0	2	2
390.0	0	3	3
391.0	0	6	6
392.0	0	2	2
393.0	0	5	5
394.0	0	2	2
395.0	0	1	1
396.0	0	5	5
397.0	0	5	5
398.0	0	1	1
399.0	0	4	4
400.0	0	3	3
401.0	0	4	4
402.0	0	4	4
403.0	0	3	3
404.0	0	2	2
405.0	0	5	5
406.0	0	2	2
407.0	0	4	4
408.0	0	3	3
409.0	0	2	2
410.0	0	3	3
411.0	0	5	5
412.0	0	4	4
413.0	0	1	1
414.0	0	3	3
415.0	0	4	4
416.0	0	2	2
417.0	0	4	4
418.0	0	3	3
419.0	0	1	1
420.0	0	2	2
421.0	0	4	4
422.0	0	2	2
423.0	0	3	3
424.0	0	4	4
425.0	0	1	1
426.0	0	1	1
427.0	0	1	1
428.0	0	3	3
429.0	0	3	3
430.0	0	1	1
431.0	0	1	1
432.0	0	2	2
433.0	0	2	2
434.0	0	3	3
435.0	0	3	3
436.0	0	4	4
437.0	0	4	4
438.0	0	4	4
439.0	0	1	1
440.0	0	3	3
441.0	0	5	5
442.0	0	3	3
443.0	0	5	5
444.0	0	3	3
446.0	0	4	4
447.0	0	1	1
448.0	0	2	2
449.0	0	3	3
450.0	0	1	1
451.0	0	1	1
452.0	0	3	3
453.0	0	4	4
454.0	0	3	3
455.0	0	4	4
456.0	0	5	5
457.0	0	5	5
458.0	0	2	2
459.0	0	4	4
460.0	0	1	1
461.0	0	7	7
463.0	0	2	2
464.0	0	3	3
465.0	0	1	1
466.0	0	1	1
467.0	0	1	1
468.0	0	1	1
469.0	0	1	1
470.0	0	1	1
471.0	0	1	1
472.0	0	3	3
474.0	0	2	2
475.0	0	3	3
476.0	0	6	6
478.0	0	1	1
479.0	0	2	2
480.0	0	1	1
481.0	0	1	1
482.0	0	3	3
483.0	0	1	1
484.0	0	3	3
487.0	0	2	2
488.0	0	3	3
489.0	0	1	1
490.0	0	2	2
491.0	0	2	2
492.0	0	2	2
493.0	0	2	2
494.0	0	2	2
495.0	0	5	5
496.0	0	2	2
497.0	0	1	1
498.0	0	3	3
499.0	0	2	2
500.0	0	1	1
501.0	0	2	2
503.0	0	2	2
504.0	0	1	1
505.0	0	2	2
507.0	0	3	3
509.0	0	4	4
510.0	0	1	1
511.0	0	3	3
512.0	0	1	1
513.0	0	3	3
514.0	0	1	1
515.0	0	2	2
516.0	0	1	1
517.0	0	1	1
518.0	0	4	4
519.0	0	4	4
520.0	0	1	1
521.0	0	1	1
522.0	0	1	1
523.0	0	3	3
524.0	0	4	4
525.0	0	5	5
526.0	0	4	4
527.0	0	2	2
529.0	0	2	2
530.0	0	1	1
532.0	0	4	4
533.0	0	2	2
534.0	0	3	3
535.0	0	2	2
536.0	0	2	2
537.0	0	5	5
539.0	0	2	2
541.0	0	1	1
542.0	0	3	3
543.0	0	3	3
544.0	0	1	1
545.0	0	1	1
546.0	0	2	2
547.0	0	3	3
548.0	0	2	2
549.0	0	4	4
550.0	0	1	1
551.0	0	1	1
553.0	0	4	4
554.0	0	3	3
555.0	0	4	4
556.0	0	1	1
557.0	0	3	3
558.0	0	2	2
559.0	0	2	2
560.0	0	1	1
561.0	0	1	1
563.0	0	1	1
564.0	0	1	1
565.0	0	1	1
566.0	0	3	3
567.0	0	3	3
568.0	0	3	3
569.0	0	2	2
570.0	0	4	4
571.0	0	4	4
573.0	0	1	1
575.0	0	2	2
576.0	0	1	1
577.0	0	1	1
578.0	0	1	1
579.0	0	1	1
580.0	0	3	3
581.0	0	2	2
582.0	0	1	1
583.0	0	1	1
584.0	0	1	1
586.0	0	1	1
587.0	0	1	1
588.0	0	1	1
589.0	0	1	1
590.0	0	2	2
591.0	0	2	2
593.0	0	1	1
594.0	0	1	1
595.0	0	2	2
596.0	0	1	1
598.0	0	2	2
599.0	0	1	1
600.0	0	3	3
601.0	0	1	1
602.0	0	1	1
603.0	0	1	1
605.0	0	2	2
607.0	0	3	3
608.0	0	2	2
611.0	0	1	1
612.0	0	1	1
613.0	0	2	2
614.0	0	1	1
615.0	0	4	4
619.0	0	1	1
621.0	0	1	1
622.0	0	1	1
623.0	0	3	3
624.0	0	1	1
625.0	0	3	3
628.0	0	2	2
630.0	0	3	3
632.0	0	3	3
633.0	0	1	1
634.0	0	1	1
635.0	0	1	1
636.0	0	2	2
637.0	0	1	1
638.0	0	2	2
640.0	0	1	1
641.0	0	1	1
649.0	0	1	1
650.0	0	1	1
656.0	0	1	1
657.0	0	4	4
658.0	0	1	1
659.0	0	2	2
660.0	0	1	1
661.0	0	1	1
663.0	0	4	4
664.0	0	2	2
666.0	0	1	1
667.0	0	1	1
670.0	0	2	2
672.0	0	3	3
673.0	0	2	2
675.0	0	1	1
676.0	0	1	1
679.0	0	3	3
684.0	0	2	2
685.0	0	2	2
686.0	0	1	1
687.0	0	2	2
689.0	0	2	2
691.0	0	1	1
693.0	0	1	1
694.0	0	1	1
697.0	0	2	2
699.0	0	1	1
700.0	0	2	2
702.0	0	1	1
703.0	0	1	1
704.0	0	3	3
705.0	0	1	1
706.0	0	1	1
708.0	0	2	2
711.0	0	1	1
715.0	0	1	1
718.0	0	1	1
719.0	0	2	2
722.0	0	2	2
723.0	0	1	1
724.0	0	1	1
725.0	0	1	1
728.0	0	1	1
729.0	0	2	2
734.0	0	2	2
736.0	0	1	1
737.0	0	1	1
740.0	0	2	2
742.0	0	1	1
743.0	0	1	1
745.0	0	1	1
746.0	0	1	1
750.0	0	1	1
751.0	0	1	1
752.0	0	1	1
753.0	0	1	1
754.0	0	2	2
756.0	0	2	2
758.0	0	2	2
759.0	0	1	1
760.0	0	2	2
764.0	0	1	1
766.0	0	1	1
768.0	0	1	1
769.0	0	1	1
770.0	0	1	1
771.0	0	1	1
775.0	0	3	3
778.0	0	2	2
779.0	0	1	1
780.0	0	2	2
782.0	0	1	1
783.0	0	2	2
784.0	0	2	2
785.0	0	1	1
786.0	0	1	1
789.0	0	1	1
791.0	0	3	3
792.0	0	2	2
793.0	0	2	2
796.0	0	1	1
800.0	0	1	1
802.0	0	1	1
803.0	0	1	1
805.0	0	1	1
808.0	0	2	2
813.0	0	2	2
814.0	0	1	1
815.0	0	2	2
817.0	0	3	3
820.0	0	1	1
822.0	0	1	1
828.0	0	2	2
830.0	0	1	1
832.0	0	2	2
833.0	0	1	1
835.0	0	1	1
836.0	0	1	1
838.0	0	1	1
840.0	0	1	1
842.0	0	1	1
844.0	0	1	1
845.0	0	1	1
846.0	0	1	1
850.0	0	1	1
852.0	0	1	1
853.0	0	3	3
855.0	0	1	1
857.0	0	1	1
858.0	0	1	1
859.0	0	1	1
860.0	0	1	1
868.0	0	1	1
869.0	0	1	1
870.0	0	1	1
872.0	0	1	1
875.0	0	2	2
876.0	0	1	1
878.0	0	1	1
879.0	0	2	2
880.0	0	2	2
882.0	0	2	2
883.0	0	1	1
884.0	0	1	1
889.0	0	1	1
891.0	0	1	1
897.0	0	1	1
899.0	0	1	1
906.0	0	1	1
907.0	0	2	2
908.0	0	1	1
910.0	0	1	1
912.0	0	1	1
919.0	0	1	1
920.0	0	1	1
922.0	0	2	2
926.0	0	1	1
933.0	0	1	1
934.0	0	1	1
938.0	0	2	2
942.0	0	1	1
943.0	0	2	2
944.0	0	1	1
946.0	0	1	1
950.0	0	1	1
952.0	0	1	1
955.0	0	1	1
958.0	0	2	2
960.0	0	1	1
962.0	0	1	1
963.0	0	1	1
966.0	0	2	2
967.0	0	1	1
968.0	0	1	1
969.0	0	1	1
971.0	0	1	1
977.0	0	1	1
978.0	0	1	1
979.0	0	3	3
982.0	0	2	2
983.0	0	1	1
985.0	0	1	1
986.0	0	1	1
989.0	0	1	1
997.0	0	2	2
998.0	0	1	1
1006.0	0	1	1
1007.0	0	1	1
1016.0	0	1	1
1019.0	0	1	1
1020.0	0	1	1
1021.0	0	1	1
1022.0	0	1	1
1040.0	0	1	1
1041.0	0	1	1
1047.0	0	1	1
1051.0	0	1	1
1052.0	0	1	1
1053.0	0	1	1
1054.0	0	1	1
1062.0	0	1	1
1066.0	0	1	1
1067.0	0	1	1
1068.0	0	1	1
1074.0	0	1	1
1078.0	0	2	2
1080.0	0	1	1
1083.0	0	1	1
1086.0	0	1	1
1099.0	0	1	1
1110.0	0	1	1
1111.0	0	1	1
1115.0	0	1	1
1119.0	0	1	1
1122.0	0	1	1
1124.0	0	1	1
1125.0	0	1	1
1126.0	0	1	1
1137.0	0	1	1
1139.0	0	1	1
1143.0	0	1	1
1145.0	0	1	1
1152.0	0	2	2
1155.0	0	1	1
1157.0	0	1	1
1160.0	0	1	1
1163.0	0	1	1
1171.0	0	1	1
1173.0	0	1	1
1178.0	0	1	1
1180.0	0	1	1
1181.0	0	1	1
1187.0	0	2	2
1190.0	0	1	1
1191.0	0	2	2
1193.0	0	1	1
1196.0	0	1	1
1201.0	0	1	1
1202.0	0	1	1
1217.0	0	1	1
1223.0	0	1	1
1226.0	0	1	1
1231.0	0	1	1
1233.0	0	3	3
1235.0	0	1	1
1254.0	0	2	2
1256.0	0	1	1
1267.0	0	1	1
1268.0	0	1	1
1269.0	0	1	1
1280.0	0	1	1
1284.0	0	1	1
1285.0	0	2	2
1293.0	0	1	1
1297.0	0	1	1
1306.0	0	1	1
1308.0	0	1	1
1311.0	0	1	1
1315.0	0	1	1
1321.0	0	1	1
1324.0	0	1	1
1336.0	0	1	1
1343.0	0	1	1
1344.0	0	1	1
1350.0	0	1	1
1365.0	0	1	1
1371.0	0	1	1
1378.0	0	1	1
1379.0	0	1	1
1382.0	0	1	1
1385.0	0	1	1
1395.0	0	1	1
1404.0	0	1	1
1406.0	0	1	1
1420.0	0	1	1
1430.0	0	1	1
1435.0	0	1	1
1443.0	0	1	1
1446.0	0	1	1
1454.0	0	2	2
1456.0	0	1	1
1465.0	0	1	1
1467.0	0	1	1
1469.0	0	1	1
1477.0	0	1	1
1499.0	0	1	1
1505.0	0	1	1
1511.0	0	1	1
1520.0	0	1	1
1528.0	0	1	1
1536.0	0	1	1
1542.0	0	1	1
1547.0	0	1	1
1551.0	0	1	1
1565.0	0	1	1
1568.0	0	1	1
1569.0	0	2	2
1581.0	0	1	1
1598.0	0	1	1
1599.0	0	1	1
1600.0	0	1	1
1603.0	0	1	1
1610.0	0	1	1
1621.0	0	1	1
1623.0	0	1	1
1668.0	0	1	1
1673.0	0	1	1
1690.0	0	1	1
1704.0	0	1	1
1713.0	0	1	1
1727.0	0	1	1
1749.0	0	1	1
1782.0	0	1	1
1787.0	0	1	1
1802.0	0	1	1
1818.0	0	1	1
1834.0	0	1	1
1849.0	0	1	1
1858.0	0	1	1
1862.0	0	1	1
1874.0	0	1	1
1899.0	0	1	1
1900.0	0	1	1
1919.0	0	1	1
1922.0	0	1	1
1923.0	0	1	1
1931.0	0	1	1
1977.0	0	1	1
1992.0	0	2	2
2010.0	0	1	1
2013.0	0	1	1
2017.0	0	1	1
2018.0	0	1	1
2038.0	0	1	1
2045.0	0	1	1
2059.0	0	1	1
2094.0	0	1	1
2100.0	0	2	2
2134.0	0	1	1
2162.0	0	1	1
2163.0	0	1	1
2206.0	0	1	1
2213.0	0	1	1
2232.0	0	1	1
2265.0	0	1	1
2269.0	0	1	1
2277.0	0	1	1
2285.0	0	1	1
2306.0	0	1	1
2384.0	0	1	1
2387.0	0	1	1
2400.0	0	1	1
2405.0	0	1	1
2415.0	0	1	1
2425.0	0	1	1
2471.0	0	1	1
2482.0	0	1	1
2508.0	0	1	1
2582.0	0	1	1
2638.0	0	1	1
2652.0	0	1	1
2762.0	0	1	1
2770.0	0	1	1
2799.0	0	1	1
2833.0	0	1	1
2837.0	0	1	1
2913.0	0	1	1
3034.0	0	1	1
3065.0	0	1	1
3146.0	0	1	1
3159.0	0	1	1
3163.0	0	1	1
3183.0	0	1	1
3233.0	0	1	1
3340.0	0	1	1
3356.0	0	1	1
3367.0	0	1	1
3381.0	0	1	1
3395.0	0	1	1
3449.0	0	1	1
3535.0	0	1	1
3582.0	0	1	1
3645.0	0	1	1
3655.0	0	1	1
3672.0	0	1	1
3692.0	0	1	1
3744.0	0	1	1
3866.0	0	1	1
3990.0	0	1	1
4086.0	0	1	1
4297.0	0	1	1
4388.0	0	1	1
4488.0	0	1	1
4718.0	0	1	1
4837.0	0	1	1
4953.0	0	1	1
5023.0	0	1	1
5287.0	0	1	1
5307.0	0	1	1
5371.0	0	1	1
5662.0	0	1	1
5671.0	0	1	1
5782.0	0	1	1
5982.0	0	1	1
6396.0	0	1	1
6599.0	0	1	1
7185.0	0	1	1
7482.0	0	1	1
8350.0	0	1	1
9818.0	0	1	1
11856.0	0	1	1
14005.0	0	1	1
14708.0	0	1	1

